keyframe,x,y,z
47838,-3.9220598,-15.288282,3.5653791
47839,-3.73224,-15.124061,4.0250597
47840,-4.11486,-15.488,3.7672603
47841,-4.03712,-15.138639,3.26266
47842,-3.98012,-15.064301,3.2835999
47843,-3.9004202,-14.702879,3.4223397
47844,-3.8100994,-15.021462,3.6680396
47845,-4.0922,-15.294718,3.8026202
47846,-4.1457996,-15.419961,4.106159
47847,-4.03658,-14.98456,4.21446
47848,-3.8825994,-15.166901,4.4293394
47849,-4.01344,-15.464,4.5504994
47850,-3.5937593,-15.48948,4.21614
47851,-3.7298794,-15.02968,4.0312605
47852,-4.20988,-14.963922,4.0404997
47853,-4.19434,-15.164818,3.99236
47854,-4.0189805,-15.243918,4.24708
47855,-3.9871001,-15.379742,4.81182
47856,-3.72798,-15.124718,4.4643207
47857,-4.155879,-15.393599,4.451579
47858,-3.90958,-15.207643,4.2129207
47859,-3.5611005,-15.009201,4.2932796
47860,-3.93796,-15.62178,4.6033597
47861,-3.5642202,-15.28726,4.32884
47862,-3.69048,-15.3444805,4.2048407
47863,-3.8555799,-15.185278,4.4167
47864,-4.16924,-14.938539,4.0998197
47865,-4.1473403,-14.912177,4.02012
47866,-4.2576804,-15.160159,4.1020603
47867,-3.9697995,-15.24656,4.4262
47868,-4.04266,-15.545001,4.3039994
47869,-4.33396,-14.921999,4.335439
47870,-3.9120803,-15.245543,4.3126993
47871,-3.75438,-15.440639,4.07636
47872,-3.71592,-15.511659,4.636641
47873,-3.9626,-15.281521,4.6734595
47874,-3.9908998,-15.518199,4.2346807
47875,-4.2053,-15.5755625,4.25388
47876,-3.7848804,-15.406879,4.2854414
47877,-4.1311603,-15.336497,3.8428195
47878,-4.06106,-15.524102,3.9719806
47879,-3.8697796,-15.577721,3.939639
47880,-3.915759,-16.024078,4.12268
47881,-3.8318005,-15.479838,4.2351604
47882,-3.73612,-15.614561,4.3671002
47883,-3.7545192,-15.976059,4.52618
47884,-4.0743194,-15.635679,4.2944407
47885,-3.661519,-15.694302,4.09698
47886,-3.83378,-15.23468,4.22006
47887,-3.9246993,-15.65734,3.98204
47888,-3.4678597,-15.991557,4.327919
47889,-3.77378,-15.791423,4.3393397
47890,-3.6664398,-16.110699,4.27966
47891,-3.6019204,-15.701979,4.47086
47892,-3.8716807,-15.902218,4.3672404
47893,-3.6927202,-15.5376,4.34558
47894,-3.9211397,-15.921101,4.3566594
47895,-3.3468192,-16.3841,4.538199
47896,-3.8813603,-15.956719,4.7095594
47897,-3.711539,-15.40606,4.56038
47898,-3.2799203,-15.542319,4.65714
47899,-3.4642804,-15.685718,4.4697995
47900,-3.5705593,-15.83056,4.690739
47901,-3.6759198,-15.42628,4.36998
47902,-3.6785998,-15.699961,4.56334
47903,-3.4012606,-15.655802,4.48618
47904,-4.04446,-16.409597,4.707781
47905,-3.9125798,-15.772243,4.4801006
47906,-3.7092597,-16.223963,4.652019
47907,-3.6943805,-15.247799,4.3952994
47908,-4.02988,-15.328664,4.3401804
47909,-3.5917404,-15.58044,4.4632587
47910,-3.5200799,-15.40642,4.3560014
47911,-3.9528193,-15.547997,4.1785994
47912,-3.72484,-15.60704,4.7041206
47913,-3.4143803,-16.006699,4.2998796
47914,-3.6084404,-15.52682,4.8356004
47915,-3.7007003,-15.670556,4.3719206
47916,-3.7783194,-15.58502,4.6275
47917,-4.0881195,-15.42958,3.9582999
47918,-4.0119996,-15.722739,3.819421
47919,-3.5122995,-15.626801,4.3953414
47920,-3.8010795,-15.969801,4.2406406
47921,-4.0036407,-15.545564,4.0651197
47922,-4.0370603,-15.206538,4.35154
47923,-3.8743591,-15.591359,4.1353593
47924,-3.9465597,-15.45388,4.0433807
47925,-3.9476004,-15.186462,4.3445196
47926,-4.2612195,-15.400039,3.6952996
47927,-4.39816,-15.371678,4.3357596
47928,-4.06268,-15.61524,4.19136
47929,-4.29342,-15.702119,4.21774
47930,-4.1435795,-15.404122,4.338139
47931,-4.08384,-15.349602,4.32608
47932,-3.9248595,-15.455641,4.4394608
47933,-3.8824399,-15.721437,4.12326
47934,-4.0031595,-15.634681,3.6048796
47935,-4.3392196,-15.722361,4.24272
47936,-4.3880396,-15.940201,3.9851196
47937,-4.11384,-16.05164,4.114319
47938,-4.2523594,-16.2566,4.1275196
47939,-4.257699,-16.47824,4.6520405
47940,-4.3618402,-15.8757,4.3101597
47941,-4.1199,-16.142302,4.3787007
47942,-4.40372,-15.600378,4.25312
47943,-4.00818,-15.67822,4.4090195
47944,-3.95482,-15.98766,4.2889795
47945,-4.2052794,-16.032679,4.2460594
47946,-4.2881,-15.4674425,4.2370396
47947,-4.23342,-15.286641,4.04304
47948,-4.30316,-15.375119,4.0956798
47949,-3.8345797,-15.619478,4.12338
47950,-4.0332203,-15.401918,4.224499
47951,-3.8171604,-15.36112,3.9531002
47952,-4.1552,-15.130739,3.864
47953,-3.8940196,-15.311759,4.4825807
47954,-3.7790596,-15.1863165,4.422181
47955,-4.2568393,-15.108821,4.11354
47956,-4.507799,-15.252063,4.3638806
47957,-4.31922,-15.186921,3.7645802
47958,-4.30482,-14.647398,3.8682392
47959,-4.19596,-15.244363,4.05984
47960,-3.9910192,-15.393819,3.9378994
47961,-3.88792,-15.411099,3.96428
47962,-3.5714996,-15.753862,4.2138796
47963,-4.0898404,-15.501619,4.2344794
47964,-3.9260206,-15.346598,4.0843997
47965,-3.7005794,-15.328223,4.0149
47966,-4.04154,-15.157497,4.0063004
47967,-4.19824,-15.132202,3.9460592
47968,-4.0030603,-15.15976,4.02642
47969,-4.33264,-15.26666,4.0145397
47970,-3.9049206,-15.042258,4.000941
47971,-4.0169597,-15.35968,4.23464
47972,-3.9922595,-15.523957,4.1234803
47973,-4.1480393,-15.4975,4.17164
47974,-3.7910602,-15.193879,4.0327
47975,-4.03714,-15.141739,3.5597792
47976,-4.01832,-15.302321,3.9582803
47977,-3.9718997,-15.493221,4.1739397
47978,-4.2478595,-15.402081,4.1692
47979,-4.0269,-15.376617,4.08266
47980,-3.8851006,-15.221477,4.03154
47981,-4.075279,-15.39004,4.1665397
47982,-3.7858,-15.126299,4.5169797
47983,-4.1898,-15.319222,4.00432
47984,-3.9982193,-14.948362,3.92586
47985,-4.0140405,-15.190101,3.9678807
47986,-4.27642,-15.11678,4.1591206
47987,-4.281259,-15.2522,3.9194593
47988,-4.4379396,-15.073038,3.9276395
47989,-3.9093802,-15.185382,3.9537604
47990,-4.04062,-14.746221,4.08912
47991,-3.8475194,-14.971139,4.19378
47992,-3.7694793,-14.943661,3.90728
47993,-3.88118,-14.923197,3.8998005
47994,-4.13756,-15.272959,3.8858001
47995,-4.0068007,-15.151979,4.1782193
47996,-3.9331799,-15.336319,4.218879
47997,-4.0007596,-15.3353405,4.3980594
47998,-3.5023196,-15.369479,4.3408594
47999,-3.8068001,-15.558638,3.8357205
48000,-3.9813998,-15.67306,4.2528596
48001,-4.02298,-15.819278,4.4917393
48002,-3.9361596,-14.851222,4.04538
48003,-4.3629394,-15.1432,3.7146003
48004,-3.98452,-14.8639,3.5724196
48005,-3.7870998,-14.969558,3.93148
48006,-4.1025,-15.29746,4.21884
48007,-3.9910197,-15.27592,4.0082803
48008,-3.96586,-15.135578,4.0644193
48009,-4.1356406,-15.052102,4.2025204
48010,-4.4507594,-15.051639,4.2740197
48011,-4.0384192,-15.563398,4.65172
48012,-4.3386993,-14.980881,4.3805594
48013,-4.3037195,-14.684061,3.9349205
48014,-4.2566605,-15.260398,4.3810196
48015,-4.29562,-14.850159,4.3073196
48016,-4.0882187,-15.23708,4.24694
48017,-3.8626199,-15.276177,4.0233793
48018,-4.4041395,-14.822201,4.0065994
48019,-4.05364,-14.990819,4.590781
48020,-4.328061,-14.74358,4.2341604
48021,-4.1151004,-15.310597,4.5176387
48022,-4.48452,-14.948017,4.0308595
48023,-4.36068,-14.820559,3.8705196
48024,-4.31878,-14.542877,4.0730796
48025,-3.88576,-14.62796,3.68734
48026,-3.7344196,-15.182618,3.9663403
48027,-4.2187796,-14.955941,4.2850394
48028,-4.4015393,-15.289719,4.4531193
48029,-4.4187593,-14.950741,4.41682
48030,-3.9408998,-15.253058,4.6036406
48031,-4.0702395,-15.4785795,4.7826204
48032,-4.09958,-15.082138,4.3399405
48033,-3.8832803,-14.749379,4.22252
48034,-3.9046402,-14.96862,4.3235397
48035,-3.9678998,-15.09964,4.280861
48036,-4.2896585,-14.988863,3.9590607
48037,-4.18104,-15.231441,4.2789
48038,-4.29238,-14.94558,4.3760195
48039,-4.15916,-14.865358,4.02674
48040,-3.8871398,-15.278218,4.20062
48041,-4.01056,-15.371962,4.31742
48042,-4.25976,-14.91272,4.26988
48043,-4.24074,-15.301098,4.55444
48044,-4.29664,-15.094439,4.2245197
48045,-4.2390203,-14.66726,3.9912999
48046,-4.44926,-14.84808,4.1438007
48047,-4.2251005,-14.74508,4.023979
48048,-4.2999187,-14.981461,4.3407598
48049,-4.4502797,-15.02092,4.20816
48050,-4.1217203,-15.3152,4.2737803
48051,-4.2257204,-15.185181,4.40984
48052,-4.4215198,-15.20806,4.1066995
48053,-4.3538394,-15.194161,4.1813006
48054,-4.37036,-15.276197,4.142181
48055,-4.3756003,-15.395181,4.49482
48056,-4.153101,-15.264858,4.0812793
48057,-3.9919994,-14.518458,4.3435802
48058,-4.20674,-14.855539,4.123219
48059,-4.41486,-15.055178,4.00544
48060,-4.3798203,-15.207481,4.19106
48061,-4.5036993,-15.195439,3.82194
48062,-4.470179,-15.2068405,3.72024
48063,-4.2755594,-15.37604,3.6132007
48064,-4.45402,-15.328683,3.8007796
48065,-4.1463194,-15.11484,3.7598794
48066,-4.3480797,-15.558223,4.3513594
48067,-4.4075394,-15.401138,4.03384
48068,-4.0524197,-15.27608,4.07188
48069,-4.37812,-15.310719,3.9598606
48070,-4.32544,-15.341777,3.8761394
48071,-4.2747593,-14.80604,3.4717598
48072,-4.42172,-15.262597,3.3901792
48073,-4.3076806,-14.958559,3.5920205
48074,-3.9299603,-14.598361,3.5963593
48075,-3.91638,-14.853943,3.3602002
48076,-3.9271002,-14.869557,3.2871401
48077,-4.1379395,-15.113719,3.5605
48078,-4.183561,-15.644597,3.68342
48079,-4.0218797,-15.001561,3.4867795
48080,-4.39854,-15.496676,3.6076992
48081,-4.1024404,-15.501019,3.8761592
48082,-3.9667404,-15.033919,3.7354598
48083,-4.02438,-15.285616,3.9182594
48084,-3.9516203,-15.562401,3.8352401
48085,-4.00904,-15.027239,3.99346
48086,-4.0456004,-15.180179,4.4021006
48087,-4.1110797,-14.8823,3.9213
48088,-3.8995602,-15.043679,4.3483
48089,-3.7672398,-14.929799,4.5293202
48090,-3.6268804,-15.343402,4.72974
48091,-3.8735802,-15.2991,4.13372
48092,-3.9615602,-15.382622,4.499941
48093,-3.8418999,-15.130219,4.22758
48094,-3.9959002,-15.26998,4.3114996
48095,-4.1294403,-15.306,4.13734
48096,-4.442,-15.0129,4.58472
48097,-3.9165595,-15.557742,4.36372
48098,-3.7485797,-15.457836,4.66238
48099,-4.0865397,-15.191757,5.0836806
48100,-3.9630196,-15.6029005,5.0296793
48101,-3.9581604,-15.388356,4.817141
48102,-4.2649,-15.65472,5.0399995
48103,-4.1130404,-15.2869005,4.607439
48104,-3.982,-15.47102,4.9409795
48105,-4.1224,-15.371881,4.5564194
48106,-4.073,-15.50426,4.7096004
48107,-3.9087398,-15.397419,4.4254804
48108,-4.00142,-15.359799,4.3369985
48109,-4.0729804,-15.38546,4.2749796
48110,-3.93716,-15.785222,4.87372
48111,-4.0561,-15.181999,4.2320404
48112,-3.9266393,-15.3297,4.44742
48113,-3.7752602,-15.676839,4.4515595
48114,-3.9629195,-15.529999,4.4073596
48115,-3.8903997,-15.557958,4.1473393
48116,-3.9494998,-15.611858,4.03134
48117,-3.5004003,-15.6829195,4.3121796
48118,-3.7711,-15.2077,4.45494
48119,-3.9126997,-15.668961,4.4899993
48120,-4.2050805,-15.57348,4.063681
48121,-3.9035997,-15.596037,4.3545594
48122,-4.042499,-15.406718,3.8559608
48123,-3.89502,-15.613238,4.3118415
48124,-3.8419607,-15.56456,4.40784
48125,-3.9644396,-15.733718,4.58558
48126,-3.85782,-15.3852,4.5909195
48127,-3.5877404,-15.10584,4.5182
48128,-3.7956197,-15.498999,4.4004793
48129,-3.8552,-15.729101,4.4090195
48130,-3.7219,-15.179641,4.6937604
48131,-3.7512596,-15.103239,4.75232
48132,-3.5840797,-15.603899,4.5738006
48133,-3.76902,-15.10538,4.4253
48134,-3.7095602,-15.479842,4.4412994
48135,-3.6607602,-15.119463,4.58328
48136,-3.5796196,-15.322838,4.84878
48137,-3.7233,-15.503459,4.79744
48138,-3.7549002,-15.656918,4.6139803
48139,-4.1018,-15.997076,4.3454
48140,-4.0349207,-15.991838,4.7476807
48141,-4.1442804,-15.549357,4.59012
48142,-3.9403396,-15.460019,4.3846602
48143,-3.9690998,-15.125341,4.2871594
48144,-4.2903395,-15.259918,4.4206996
48145,-4.2788596,-15.476859,4.4380784
48146,-4.0836997,-15.113818,4.3261003
48147,-3.8765204,-15.64442,4.165179
48148,-3.8889196,-15.240798,4.40252
48149,-4.10012,-15.831199,4.14652
48150,-3.9609203,-15.701739,4.377061
48151,-3.9612799,-15.4392,4.1220603
48152,-4.1646,-15.372957,3.9932196
48153,-4.24072,-15.287119,4.1190996
48154,-4.29904,-15.5951805,4.16656
48155,-4.0257797,-15.376418,3.9387796
48156,-3.9684997,-15.3352995,3.8623805
48157,-4.1455007,-15.441041,4.05684
48158,-3.8414602,-15.147058,4.0281405
48159,-3.8619592,-15.040761,3.8461401
48160,-3.9786394,-15.012358,3.6078002
48161,-4.099099,-15.48228,3.7971196
48162,-3.895139,-15.18598,3.7192605
48163,-4.058699,-15.223339,3.9069595
48164,-3.55478,-15.4046,3.7358391
48165,-3.9355602,-15.458139,3.7586803
48166,-3.7415004,-15.501121,4.15326
48167,-4.0076,-15.761339,4.163699
48168,-4.2063794,-15.787098,4.1125994
48169,-4.21126,-15.5881405,4.110179
48170,-4.2372203,-15.713741,4.2451596
48171,-4.07092,-15.575717,4.15814
48172,-3.9325597,-15.529498,4.31886
48173,-4.36826,-15.295638,3.5940988
48174,-4.0443,-14.992399,3.5269797
48175,-4.0793004,-15.197421,3.664899
48176,-4.01984,-15.1502,3.7417
48177,-3.97178,-15.079601,4.0264397
48178,-4.1245008,-15.354741,3.6989398
48179,-3.8552594,-15.67734,3.85604
48180,-3.8029203,-15.086941,3.5608397
48181,-3.98636,-15.544398,3.4961596
48182,-3.947379,-15.421339,3.7506804
48183,-4.1820803,-15.71494,4.33014
48184,-4.1785,-15.523296,4.299199
48185,-3.89032,-15.9946785,4.0220194
48186,-3.7785602,-15.26294,4.2515793
48187,-3.8069594,-15.344622,4.54956
48188,-4.10626,-15.33692,4.4695587
48189,-3.5255203,-15.586258,4.53054
48190,-3.7556999,-15.1358795,4.3892198
48191,-3.7955596,-15.421925,4.47136
48192,-3.8872802,-15.015858,4.1531796
48193,-3.8199797,-15.41126,4.0159802
48194,-3.9224002,-15.026961,4.08486
48195,-3.7206798,-14.985599,4.5195
48196,-3.7144394,-15.068479,4.4030395
48197,-3.5116987,-15.857939,4.82414
48198,-3.6438403,-15.590119,4.3062205
48199,-4.1138196,-15.359878,4.08202
48200,-4.20262,-15.541518,3.92392
48201,-4.07846,-15.708862,4.1172204
48202,-4.228679,-15.9301195,4.4373994
48203,-4.286741,-15.35446,4.13004
48204,-3.5495796,-15.59418,4.21626
48205,-4.0471797,-15.772459,4.3649592
48206,-3.8142996,-15.374182,4.2810187
48207,-4.0254397,-15.181698,4.1067796
48208,-3.9382393,-15.339661,4.2085805
48209,-3.7316604,-15.757421,4.3926606
48210,-4.0995193,-15.268299,3.8625805
48211,-3.9145596,-15.60368,3.8943398
48212,-3.8616796,-15.456639,4.0302005
48213,-3.8935997,-15.542099,4.3369803
48214,-3.9393399,-15.477578,4.1886396
48215,-3.8963995,-15.796218,4.4182606
48216,-3.6885803,-15.567361,4.78678
48217,-3.9770203,-15.642756,4.4498796
48218,-4.1311197,-15.7884,4.6053205
48219,-4.4153204,-15.41798,4.2482195
48220,-4.12126,-15.691599,4.34026
48221,-3.9821799,-15.738643,4.5590405
48222,-3.99234,-15.239638,4.1817
48223,-3.7994401,-15.488998,3.9386814
48224,-3.7838392,-15.5463,3.9519405
48225,-3.78434,-15.321457,3.9921389
48226,-3.92054,-15.180298,3.9946
48227,-4.2577,-15.436181,3.97362
48228,-3.6305606,-15.164998,4.0441
48229,-3.8850002,-15.308699,3.8067598
48230,-4.1127405,-15.258501,3.91694
48231,-3.70758,-15.060997,4.0637803
48232,-4.1199,-14.756921,4.0532603
48233,-4.2146196,-14.8886175,4.4518194
48234,-4.3433194,-14.590277,3.9945598
48235,-4.05156,-14.879403,3.9034598
48236,-4.3334403,-14.874421,3.5797198
48237,-3.8468199,-14.894139,4.0462394
48238,-4.211139,-14.734981,4.2472796
48239,-4.101061,-14.86616,3.9889598
48240,-4.23354,-15.202281,4.3314204
48241,-4.0223007,-14.90404,4.321059
48242,-4.01122,-14.570579,3.9647398
48243,-4.089959,-14.882621,4.2681203
48244,-3.7483602,-14.614502,4.2433796
48245,-4.1278205,-14.930238,4.16868
48246,-3.93704,-14.912798,4.6780205
48247,-4.00254,-14.800921,4.3299003
48248,-3.93888,-15.130402,4.3721194
48249,-3.99618,-15.22938,4.60966
48250,-3.7763598,-15.295421,4.5349994
48251,-4.26646,-14.547002,4.2594805
48252,-4.09384,-14.683961,4.162259
48253,-3.7836797,-14.78802,4.0088997
48254,-4.2039995,-14.734199,4.353699
48255,-3.8637404,-14.81408,3.9083798
48256,-3.6733403,-14.912338,4.1688395
48257,-3.9253607,-15.05168,4.1963406
48258,-3.74074,-15.099279,4.3276396
48259,-3.72088,-14.76668,4.1495185
48260,-3.7892604,-15.066181,4.08042
48261,-3.9541795,-14.744399,3.8551207
48262,-3.7318988,-15.233636,4.370201
48263,-3.9274597,-15.118597,4.3637204
48264,-4.20778,-15.087841,4.02794
48265,-4.2439203,-14.724699,3.8733597
48266,-3.725299,-14.670416,3.9635994
48267,-3.6772199,-15.0793,3.9628396
48268,-3.4187403,-15.15298,4.6290193
48269,-4.12048,-15.2460375,3.6766808
48270,-3.96122,-15.049482,3.7191994
48271,-4.2388,-14.980401,3.7144601
48272,-3.9532597,-14.8745,3.8065197
48273,-4.1768193,-14.880982,4.0757394
48274,-3.6743796,-14.778521,3.699359
48275,-4.0654,-15.004021,3.4223995
48276,-4.14898,-14.79364,3.7372
48277,-4.01462,-15.15598,4.1928596
48278,-4.124,-14.673559,4.0534596
48279,-4.3304205,-14.52118,3.812279
48280,-4.48624,-14.643361,3.95294
48281,-4.4688196,-14.391661,3.9749398
48282,-4.32684,-14.9068,3.8256204
48283,-4.5031996,-14.439341,3.6665797
48284,-4.28448,-14.614422,4.2049394
48285,-4.3695407,-14.722562,3.872781
48286,-4.1868596,-14.6018,3.6663404
48287,-4.295079,-14.3956,3.7905996
48288,-4.12822,-14.310639,3.68554
48289,-4.1909404,-14.250621,3.6762598
48290,-4.25752,-14.070039,3.9474404
48291,-4.3132205,-14.299962,3.7372203
48292,-4.09242,-14.418481,3.4576204
48293,-3.99058,-14.512317,3.6447008
48294,-4.28224,-14.73602,3.4856594
48295,-4.26104,-14.447362,3.8302605
48296,-3.7534604,-14.49388,3.87786
48297,-3.9957805,-14.328078,3.6664395
48298,-4.0589404,-14.252002,3.8119807
48299,-4.0971804,-14.048922,3.65136
48300,-4.38242,-14.41216,3.7611003
48301,-4.2073,-14.46216,3.8287997
48302,-3.8589206,-14.547038,3.6520402
48303,-3.9991403,-14.19972,3.4619794
48304,-4.1842194,-14.008702,3.40324
48305,-4.0682197,-14.151779,3.8818405
48306,-4.4275193,-14.369343,3.67552
48307,-4.171999,-14.535898,4.2383194
48308,-4.1247196,-14.192738,3.8770797
48309,-4.1752796,-14.413818,3.9263797
48310,-4.225479,-14.17106,3.9206395
48311,-4.5729194,-14.457098,4.0625796
48312,-3.92334,-14.152679,3.5523403
48313,-4.4083805,-14.104518,3.99406
48314,-4.0597396,-14.230579,4.07508
48315,-4.1007805,-14.363941,3.9016004
48316,-4.16646,-14.012619,3.7456596
48317,-4.3068604,-14.200958,3.5387201
48318,-3.9516397,-14.37784,3.77582
48319,-4.3309603,-14.397058,4.1530404
48320,-4.233159,-14.139021,4.07968
48321,-3.9948397,-14.381019,4.107
48322,-3.7896202,-14.090156,3.8551395
48323,-3.9824207,-14.525801,4.1435595
48324,-4.1362796,-14.4532385,4.08906
48325,-4.4022593,-14.453402,3.9288793
48326,-4.18108,-14.427678,3.9090412
48327,-4.4503994,-14.474742,3.7114403
48328,-4.2352405,-14.351541,3.6467803
48329,-4.12956,-14.17192,3.7988594
48330,-4.07796,-14.33596,4.03688
48331,-4.18276,-14.027579,4.22834
48332,-4.151759,-14.060377,3.9213195
48333,-4.2641993,-14.222779,3.8928194
48334,-4.3824997,-14.37124,3.8523
48335,-4.13466,-14.568941,4.19558
48336,-4.223,-14.29674,4.27662
48337,-4.459541,-14.561119,4.2414594
48338,-4.4023795,-14.3402405,3.8978798
48339,-4.5789,-14.220659,4.31878
48340,-4.33406,-14.371139,3.9768999
48341,-4.44772,-14.801638,3.7264204
48342,-4.3933606,-14.656062,3.9601398
48343,-4.1037397,-14.761037,4.0512595
48344,-4.2574596,-14.51288,3.8109398
48345,-4.1746397,-14.784217,4.0969996
48346,-4.6744003,-14.853316,4.0742
48347,-4.5146804,-14.5619,3.9444203
48348,-4.6922607,-14.663676,4.0999002
48349,-4.7772393,-14.620559,4.1531806
48350,-4.8406205,-14.435539,3.9756005
48351,-4.5701995,-14.710981,4.0474
48352,-4.6330795,-14.994583,3.9714003
48353,-4.5322404,-15.013882,4.18012
48354,-4.27302,-14.432839,3.6593597
48355,-4.3212404,-14.600499,3.7895591
48356,-4.261719,-14.702881,3.8504002
48357,-4.7435794,-14.300657,3.8576186
48358,-4.6396604,-14.583562,3.6366003
48359,-4.853139,-14.785319,4.0012794
48360,-4.6727805,-14.491042,3.9820197
48361,-4.55734,-14.615679,4.0511603
48362,-4.5300198,-14.499318,3.9616394
48363,-4.38888,-14.569978,3.7529802
48364,-4.616,-14.287519,3.9441807
48365,-4.2694798,-14.401398,4.0403795
48366,-4.31916,-14.50552,3.8293593
48367,-4.7983,-14.517919,4.2552404
48368,-4.7254,-14.803279,3.8016608
48369,-4.7968593,-14.76182,3.852
48370,-4.98824,-14.746899,3.6325002
48371,-4.8998604,-14.287822,3.7997403
48372,-4.5325804,-14.55956,3.88522
48373,-4.630659,-14.652318,4.20086
48374,-4.4351397,-14.3906,3.6860194
48375,-4.4425406,-14.227841,3.46852
48376,-4.5699596,-14.43556,3.8032794
48377,-4.59862,-14.656039,3.7557406
48378,-4.6708198,-14.532219,3.75194
48379,-4.3241,-14.356482,3.7232006
48380,-4.4028997,-14.851821,3.7785797
48381,-4.489799,-14.323081,3.80316
48382,-4.6516204,-14.38222,3.4298003
48383,-4.75946,-14.73264,3.97998
48384,-4.5604005,-14.68752,3.7884805
48385,-4.1899204,-14.52756,4.03988
48386,-4.3740597,-14.067139,3.60126
48387,-4.2972593,-14.739802,4.2918596
48388,-4.5398593,-14.497003,4.21102
48389,-4.59592,-14.208856,3.9710598
48390,-4.4468,-14.714802,4.08594
48391,-4.12974,-14.218582,4.1838403
48392,-4.0650406,-14.491558,4.1110992
48393,-4.2819204,-14.810281,4.12764
48394,-4.4028406,-14.778622,3.8530602
48395,-4.59908,-14.450179,3.9375799
48396,-4.5083604,-14.323099,3.9260793
48397,-4.3062,-14.358238,3.8849795
48398,-4.3880596,-14.540782,3.8674
48399,-4.2163806,-14.618098,3.82562
48400,-4.4936204,-14.67634,3.6802
48401,-4.59384,-14.595342,3.9491992
48402,-4.3599,-14.421802,3.6056
48403,-4.41542,-14.56854,3.8135002
48404,-4.50814,-14.73952,3.6620398
48405,-4.0578003,-14.7428,4.0435004
48406,-4.45766,-14.422238,3.9322205
48407,-4.182221,-14.501921,3.8181593
48408,-4.37714,-14.316399,3.82804
48409,-4.7011805,-14.667119,3.5410402
48410,-4.4177995,-14.42232,3.57672
48411,-4.4657,-14.423581,4.08016
48412,-4.3717403,-14.286061,3.74566
48413,-4.5836596,-14.443021,3.8328803
48414,-4.6072,-14.631699,3.833901
48415,-4.90672,-14.40584,3.8619998
48416,-4.63904,-14.333657,4.1372395
48417,-4.451979,-14.421963,4.2235203
48418,-4.25606,-14.184117,3.7594795
48419,-4.40996,-14.30522,3.7655597
48420,-4.9133596,-14.715162,4.1585593
48421,-4.2578197,-14.789459,4.16046
48422,-4.74842,-14.386202,4.0563602
48423,-4.43226,-14.590822,4.038
48424,-4.72376,-14.603901,3.7728407
48425,-4.45368,-14.573576,3.4990797
48426,-4.39084,-14.517159,3.7804198
48427,-4.2857,-14.395359,3.7428997
48428,-4.5004,-14.82908,3.7980795
48429,-4.48512,-14.386498,3.73084
48430,-4.2843,-14.441538,3.6751199
48431,-4.5444794,-14.488561,3.6539595
48432,-4.3249397,-14.57964,4.0124598
48433,-4.4852595,-14.598541,3.6575
48434,-4.47918,-14.756401,3.8937204
48435,-4.6071005,-14.70334,3.95038
48436,-4.5137405,-14.623218,3.8806393
48437,-4.45606,-14.474738,4.12488
48438,-4.2330003,-14.513638,3.7239392
48439,-4.2763596,-14.603143,4.033
48440,-4.04318,-14.708741,4.2523584
48441,-4.2550607,-14.731899,4.410199
48442,-4.420299,-14.551439,3.8424995
48443,-4.2908998,-14.515337,4.12482
48444,-4.50466,-14.872739,4.39388
48445,-4.5506196,-14.48174,4.07744
48446,-4.6854,-14.83982,4.181601
48447,-4.551739,-14.395039,3.9369392
48448,-4.22404,-14.672679,4.18924
48449,-4.4101,-15.09278,4.3530593
48450,-4.2089,-14.668419,3.8452601
48451,-4.3221803,-14.463479,3.7756793
48452,-4.1568804,-14.938278,4.2394795
48453,-3.8366199,-15.157599,4.180741
48454,-4.3429804,-15.209422,4.37538
48455,-4.2165995,-14.857859,4.3011594
48456,-4.1947002,-14.665519,4.1911798
48457,-4.1990604,-14.961162,4.0513206
48458,-4.2180996,-14.727319,4.2785006
48459,-4.07998,-15.328659,4.3790193
48460,-4.3858805,-14.823722,4.3299003
48461,-3.8718197,-15.0348,4.44636
48462,-4.1931796,-14.845198,4.5619
48463,-4.026719,-14.860379,4.3610597
48464,-4.380161,-15.045079,4.1383796
48465,-4.5537,-15.07884,4.0066996
48466,-4.409139,-14.989117,3.75474
48467,-4.1012397,-14.564399,4.17468
48468,-4.3145,-14.839121,3.9676995
48469,-4.18692,-15.101398,3.7210395
48470,-4.1792197,-14.6631775,3.8379204
48471,-4.3104997,-14.736142,3.8097198
48472,-4.1544404,-14.90684,3.8108199
48473,-3.9756799,-14.46372,3.7806184
48474,-3.9249191,-14.81352,4.0068994
48475,-3.9010398,-14.754656,4.00456
48476,-4.1680408,-14.668859,3.9825792
48477,-4.0738196,-14.943682,4.1366606
48478,-4.1356,-14.936759,3.9561393
48479,-3.8214798,-15.312579,3.9598794
48480,-4.41714,-15.1491785,4.0808597
48481,-4.03586,-14.89042,4.1077595
48482,-4.1317005,-14.896199,4.1118193
48483,-4.5282197,-15.005577,3.834279
48484,-4.4384995,-14.740597,4.07236
48485,-4.5416803,-15.067359,4.1571994
48486,-4.2582397,-14.948678,4.2189994
48487,-4.36554,-14.784019,4.2190003
48488,-4.17246,-14.719319,4.026439
48489,-4.2797613,-14.497316,4.1559005
48490,-4.3962,-15.109997,4.1600003
48491,-4.41852,-14.962879,4.06324
48492,-4.31872,-14.595659,4.1359797
48493,-4.26196,-14.7862,4.18696
48494,-4.2430005,-14.690561,4.281059
48495,-4.1529593,-14.466641,3.959859
48496,-4.2107997,-14.63048,4.13434
48497,-4.3280797,-15.093199,4.4790993
48498,-4.3330193,-15.30938,4.146739
48499,-4.3030205,-15.0684,3.7591407
48500,-4.31688,-14.93186,4.338419
48501,-4.2881794,-14.746721,3.97338
48502,-4.48098,-15.255241,3.8501198
48503,-4.4103394,-15.258279,4.1564994
48504,-4.5297008,-15.14496,3.9951797
48505,-4.40422,-14.521538,3.7062197
48506,-4.40332,-15.331218,4.3165803
48507,-4.0269,-15.092643,4.25158
48508,-4.5089602,-14.917643,4.341421
48509,-4.3878,-14.41422,3.95808
48510,-4.559,-14.7972,4.0216804
48511,-4.642339,-15.089962,3.9634395
48512,-4.42294,-14.904041,3.95122
48513,-4.670979,-14.97304,3.8360202
48514,-4.50734,-14.867801,3.7483196
48515,-4.20316,-14.550621,4.0008407
48516,-4.55558,-14.93912,3.91382
48517,-4.334879,-14.656862,3.8136601
48518,-4.3513,-14.689918,4.033399
48519,-4.0803604,-14.858124,3.9049394
48520,-4.46086,-14.530798,3.97842
48521,-4.11702,-14.876178,3.8252797
48522,-4.3380594,-14.972758,4.08876
48523,-4.063319,-14.863358,4.1187406
48524,-4.1783,-14.97214,3.95414
48525,-4.4319596,-14.94012,4.2425394
48526,-4.43284,-14.92086,3.951839
48527,-4.22458,-14.589239,4.0505996
48528,-4.2785997,-14.854056,4.029119
48529,-3.80532,-14.896698,4.12128
48530,-4.1177597,-15.307643,4.5702
48531,-4.019,-15.079434,4.3701
48532,-3.9617794,-14.80802,4.3174796
48533,-3.7616603,-14.924461,4.261719
48534,-4.0762596,-15.0250025,4.5921793
48535,-4.24388,-14.812597,4.1157193
48536,-4.1802793,-15.401542,4.0393596
48537,-4.21998,-15.108561,3.9959197
48538,-4.3009596,-15.243661,4.0588007
48539,-3.9893794,-15.099321,4.2503004
48540,-4.0251203,-15.203401,4.4147596
48541,-4.18604,-15.0734,4.56284
48542,-4.0945997,-14.94714,4.46604
48543,-4.0569797,-15.471058,4.7121997
48544,-4.1350403,-15.00776,4.1964197
48545,-4.2619996,-14.928538,4.1496797
48546,-4.0478396,-15.080941,4.2834396
48547,-4.0571604,-15.27494,4.12682
48548,-4.0160193,-15.1522,4.02578
48549,-4.0388,-15.013381,3.9728
48550,-3.8804595,-14.703379,4.1951604
48551,-4.0478806,-15.095159,4.25378
48552,-4.1761594,-15.187401,4.5392604
48553,-3.90682,-15.254278,4.2357
48554,-3.8461602,-15.04092,4.1857405
48555,-4.15778,-14.996683,4.10856
48556,-3.7353597,-15.059418,4.50594
48557,-4.1125803,-14.755481,4.18822
48558,-3.9114,-14.765139,4.10012
48559,-4.1063204,-14.81842,4.3295407
48560,-4.43144,-14.708499,4.0078406
48561,-4.0257807,-14.349937,3.6685402
48562,-3.973499,-14.54856,4.1233006
48563,-4.078039,-14.851399,4.1963797
48564,-4.2289996,-14.484478,4.271521
48565,-4.28198,-14.975121,4.1366997
48566,-4.4145594,-14.447859,4.1996393
48567,-4.2260003,-14.77184,4.14996
48568,-4.0342,-15.367921,4.3146405
48569,-4.35794,-15.29812,3.9351208
48570,-4.0709,-15.113619,3.8008602
48571,-4.2805595,-14.981199,3.946061
48572,-4.1651998,-15.197981,4.025099
48573,-4.50442,-14.842518,4.1085596
48574,-3.9160607,-14.68076,4.0974197
48575,-4.26612,-15.196259,4.13772
48576,-4.02428,-15.097282,4.216739
48577,-4.4018197,-15.3501425,4.17546
48578,-4.1978397,-15.027261,4.103
48579,-3.98202,-14.949599,3.9846795
48580,-3.75094,-14.614878,3.8763003
48581,-3.9306197,-14.92108,4.0715203
48582,-4.09952,-14.213983,3.89198
48583,-4.7292805,-14.4512005,4.2158203
48584,-4.1042204,-14.811181,4.4127793
48585,-4.28892,-14.618719,4.0801997
48586,-4.17052,-14.946523,3.98486
48587,-4.160099,-14.47254,3.66108
48588,-4.34134,-14.681037,3.9879403
48589,-4.1594996,-14.555321,3.68196
48590,-4.0307,-14.76608,4.3092403
48591,-4.2197995,-14.346059,3.7338994
48592,-3.9524596,-14.405802,3.7614796
48593,-4.2293196,-14.9349785,3.8698404
48594,-4.001039,-14.756141,3.4458194
48595,-4.1096997,-14.404321,3.9421797
48596,-4.4390597,-14.182841,3.8135
48597,-4.2641597,-14.23228,3.9155197
48598,-4.1867204,-14.218541,3.8595195
48599,-4.2789407,-14.426161,3.8189404
48600,-3.9834394,-14.3046,3.9047594
48601,-4.12596,-14.438541,3.8584607
48602,-4.242561,-14.253219,4.0479193
48603,-4.043181,-14.529221,4.29694
48604,-3.9842803,-14.701141,3.97086
48605,-4.2617803,-14.663619,4.0168204
48606,-3.8475802,-14.78814,4.0213404
48607,-4.17028,-14.669239,4.1493206
48608,-4.31286,-14.613458,3.9491003
48609,-4.22566,-14.554538,4.1309395
48610,-4.40572,-14.782162,3.8589396
48611,-3.882939,-15.227578,4.2994394
48612,-4.1752996,-15.036778,4.047021
48613,-4.0760202,-14.823221,4.03892
48614,-4.31832,-15.00348,4.2516193
48615,-4.055061,-15.073898,4.4933605
48616,-4.0063396,-14.758821,4.21496
48617,-3.93428,-14.804461,3.9825191
48618,-4.25444,-15.035119,4.35954
48619,-3.9173403,-14.977437,4.5564795
48620,-3.89268,-15.009498,4.30482
48621,-3.7251196,-15.053,4.4228005
48622,-3.8942,-15.059277,4.6398993
48623,-4.371,-14.67858,3.834901
48624,-4.2797394,-14.838381,4.0650597
48625,-4.018501,-14.9518795,4.5393796
48626,-4.4304194,-14.73418,4.27758
48627,-4.1171207,-14.891241,4.5155196
48628,-4.0681796,-14.963101,4.4011393
48629,-3.7626998,-14.724962,4.5543594
48630,-3.7059798,-14.644021,4.3444004
48631,-3.8789196,-14.984299,4.28924
48632,-3.8459392,-15.113898,4.5569596
48633,-3.83652,-15.44112,4.514541
48634,-3.9954994,-15.085581,4.2148805
48635,-4.17486,-14.78176,4.0774994
48636,-3.7685597,-15.178999,4.3634195
48637,-3.9283998,-14.749279,4.12746
48638,-3.9995809,-14.961479,3.8714998
48639,-3.8404405,-14.97976,4.239719
48640,-4.0048604,-15.02398,4.4547796
48641,-4.0469193,-14.981062,4.463879
48642,-3.8291,-14.639161,4.3364596
48643,-3.8301,-14.999022,4.41062
48644,-3.8432395,-14.81176,4.1960807
48645,-3.5930595,-15.55812,4.57386
48646,-4.17604,-15.252182,4.3243403
48647,-3.87902,-15.034121,4.1697593
48648,-3.9511201,-15.105403,4.4720006
48649,-3.7598605,-15.064258,4.50364
48650,-3.6761005,-15.037563,4.23508
48651,-3.8327403,-14.980039,4.1854205
48652,-3.7058797,-15.087137,4.25596
48653,-4.02376,-15.019758,4.4323597
48654,-4.1279793,-15.497542,4.5466
48655,-4.02982,-14.915378,4.20292
48656,-4.3045993,-15.156058,4.1999197
48657,-3.9215596,-14.780295,3.7723796
48658,-3.8652,-14.688499,4.4811006
48659,-3.87738,-15.101558,4.1400805
48660,-3.9145398,-15.288359,4.340141
48661,-4.33914,-14.942224,4.412
48662,-4.0903397,-14.97408,4.5405
48663,-4.147,-15.218875,4.9810605
48664,-4.0209002,-15.120876,4.9783998
48665,-4.1863413,-15.170879,4.714919
48666,-4.01948,-15.112699,4.72802
48667,-4.06918,-15.1357355,4.61738
48668,-4.1675205,-15.097339,4.9021792
48669,-3.9995592,-15.0979185,4.90532
48670,-3.92782,-15.1296,4.5428395
48671,-3.6044598,-15.04172,4.61054
48672,-3.7564995,-14.91808,4.34408
48673,-3.7906802,-14.806638,4.4731007
48674,-4.0432997,-15.187678,3.8980403
48675,-3.8852797,-14.78056,4.396859
48676,-3.7364595,-14.777477,4.4151397
48677,-3.6463203,-14.72056,4.4367194
48678,-3.6487198,-14.8558,4.30102
48679,-3.61948,-14.952899,4.0987797
48680,-3.7870598,-14.754717,4.3124204
48681,-3.7565591,-14.933938,4.7494593
48682,-3.44892,-14.999059,4.651261
48683,-3.9249597,-15.2099,4.3211594
48684,-3.6920598,-15.02336,4.2566395
48685,-3.9340203,-15.063563,4.23074
48686,-3.7543797,-14.819201,4.5458994
48687,-3.5876205,-15.269996,4.36364
48688,-3.71396,-15.079102,4.24068
48689,-3.8739598,-15.201677,4.44108
48690,-3.7062802,-15.037959,4.5446396
48691,-4.0516806,-14.92158,4.401901
48692,-3.8616402,-14.890579,4.38364
48693,-3.9245994,-15.07518,4.4438396
48694,-3.88632,-15.210119,4.2544193
48695,-3.9491796,-15.065402,4.03476
48696,-3.67106,-15.062978,4.40148
48697,-4.1711392,-15.288219,4.340701
48698,-3.6320596,-15.1071005,4.35122
48699,-3.6765993,-15.247218,3.9821599
48700,-3.9529397,-15.393697,3.8416
48701,-4.22328,-14.924317,4.004839
48702,-4.1222196,-14.914782,4.2412
48703,-4.1315002,-15.325702,4.20814
48704,-4.3328395,-15.389038,4.253
48705,-4.33676,-15.627779,4.318041
48706,-3.8291998,-15.18268,4.0922394
48707,-4.21586,-14.911396,3.69088
48708,-4.4426804,-15.450061,3.8082805
48709,-4.1684394,-15.254661,4.170521
48710,-4.3090396,-15.5451765,4.1339397
48711,-3.8501594,-15.09334,3.9986796
48712,-3.7094994,-15.078779,4.514681
48713,-3.8577404,-15.0431185,4.52796
48714,-4.16438,-14.712999,4.2485604
48715,-3.9897397,-15.171379,4.124639
48716,-3.9748,-15.060578,4.1058
48717,-4.0057797,-15.250161,3.96846
48718,-3.9418597,-14.918281,3.8175802
48719,-4.1406403,-15.067842,3.96756
48720,-4.2779207,-14.605336,3.8635004
48721,-4.3842006,-15.180683,4.54904
48722,-3.9710002,-15.363822,4.535421
48723,-3.699239,-15.13446,4.4508796
48724,-4.0603395,-15.047961,4.11432
48725,-3.8079998,-15.577001,4.5214405
48726,-3.5865402,-15.433599,4.5441794
48727,-3.7724998,-15.506402,4.69382
48728,-4.0868793,-15.424519,4.5639396
48729,-4.107101,-15.253379,4.45374
48730,-3.7164996,-15.006619,4.6172004
48731,-3.9835997,-15.08854,4.3361998
48732,-4.03238,-14.966139,4.2807803
48733,-3.7534204,-14.914099,4.3916993
48734,-3.6001205,-15.205019,4.6430607
48735,-3.4599397,-15.384681,4.26394
48736,-3.44784,-15.383738,3.8151388
48737,-3.6407402,-15.430879,4.147899
48738,-3.5631998,-15.0179405,4.1947002
48739,-3.97872,-14.907778,3.7200804
48740,-3.6252,-15.073998,4.1381803
48741,-3.6121402,-15.09512,4.1071396
48742,-4.2949605,-14.83272,3.7563596
48743,-4.0121794,-15.099763,3.843379
48744,-4.0645595,-15.537338,4.38966
48745,-4.01834,-15.20122,4.4296994
48746,-3.8116808,-14.9724,4.2079396
48747,-4.3670607,-15.382041,3.8866405
48748,-4.45082,-14.639996,3.8802395
48749,-3.59668,-15.0732,3.8404202
48750,-3.8216999,-15.215599,4.19938
48751,-3.5509002,-14.944581,4.0813212
48752,-4.0443993,-15.133981,4.0386806
48753,-4.0308595,-15.1027975,4.363221
48754,-4.1091394,-15.012438,3.8191795
48755,-4.2869196,-15.152,4.037221
48756,-3.8145602,-14.919337,4.0748005
48757,-3.9670596,-14.9919195,4.084541
48758,-3.89742,-14.819519,3.7580001
48759,-3.9856398,-14.678319,3.8426003
48760,-3.89638,-15.158623,3.8893993
48761,-3.9502199,-15.075923,3.7234795
48762,-3.9055996,-15.310579,3.74934
48763,-4.1300592,-14.607658,3.7626996
48764,-4.0267596,-14.475002,3.6463594
48765,-4.01914,-14.877084,3.8878396
48766,-3.89672,-14.54392,3.8527594
48767,-3.7625997,-14.645761,3.9353209
48768,-3.6457803,-15.027298,3.9313793
48769,-3.9982202,-15.089736,4.2535396
48770,-3.8945196,-15.333579,4.1505594
48771,-3.8795004,-15.630659,3.9760594
48772,-3.4962397,-15.374879,4.214799
48773,-4.10022,-15.182779,3.7979398
48774,-4.27704,-15.58148,3.8556201
48775,-4.1691003,-15.29102,4.01558
48776,-4.0927405,-15.352759,3.83416
48777,-4.0162,-15.285841,4.3291993
48778,-4.118319,-15.064279,4.2820396
48779,-4.30414,-14.955759,4.0427995
48780,-4.27794,-15.108937,4.20322
48781,-3.9939795,-14.907979,4.0062804
48782,-4.23172,-14.847096,3.9748995
48783,-4.1643,-15.003758,3.8472803
48784,-3.8879194,-14.872979,4.08254
48785,-4.30462,-15.253799,3.9984603
48786,-4.43296,-15.010442,3.5458605
48787,-3.9174597,-14.784518,4.1623597
48788,-4.0100594,-14.939039,4.0578403
48789,-3.9923198,-15.271981,3.5226202
48790,-3.7638597,-15.158541,3.5728989
48791,-4.2532797,-14.96266,4.1126194
48792,-4.4921203,-14.998342,3.8581603
48793,-4.25422,-14.74246,4.017619
48794,-4.5497394,-15.159317,3.8282204
48795,-4.0284605,-14.7453,4.0718193
48796,-4.0719004,-14.903719,3.7856798
48797,-3.9562597,-14.954402,3.58036
48798,-4.01672,-14.503842,3.8739798
48799,-4.1293797,-14.632339,3.9569795
48800,-4.0531993,-14.547499,3.84148
48801,-4.10804,-14.492599,4.18806
48802,-4.1967998,-14.530917,3.8719401
48803,-4.1254196,-14.3634405,3.9298208
48804,-4.1432,-14.78044,3.7971997
48805,-4.3388004,-14.398256,3.8824
48806,-4.2357993,-14.527202,3.8633003
48807,-3.93964,-14.548702,3.9670007
48808,-4.27328,-14.91194,4.09072
48809,-4.53314,-14.759378,3.8761992
48810,-4.0382805,-14.856981,3.9844809
48811,-4.25736,-14.842619,4.0955997
48812,-4.187599,-14.721159,3.96952
48813,-4.2769,-14.983863,4.2553396
48814,-4.0732803,-14.880857,3.8319201
48815,-4.1707993,-14.761858,4.280461
48816,-4.1709595,-14.877322,4.2878404
48817,-4.0003796,-14.69578,4.2402406
48818,-3.9639003,-14.799902,3.9082196
48819,-4.0205407,-14.70858,4.15506
48820,-4.2932,-14.925281,3.7092192
48821,-4.3784795,-14.7147,3.722241
48822,-4.22218,-14.69752,4.3031406
48823,-4.08836,-14.454983,4.3303
48824,-4.165239,-14.724301,4.25678
48825,-4.23066,-15.103023,4.1234407
48826,-3.995279,-14.67678,4.1831393
48827,-4.10712,-14.7418585,4.1532993
48828,-3.8876996,-14.7676,4.3665204
48829,-4.0355196,-15.18632,3.9553008
48830,-3.6938205,-15.172779,4.03202
48831,-4.03522,-15.237361,4.3495207
48832,-3.6375997,-15.0118,3.9955194
48833,-4.0866995,-15.20658,3.8933399
48834,-3.9527404,-14.885001,3.78548
48835,-3.7435405,-14.869939,4.0237803
48836,-3.78374,-14.827618,3.8942797
48837,-3.8942995,-15.206463,3.8447995
48838,-3.5552797,-15.487477,3.9973798
48839,-3.9556804,-14.830061,3.9618607
48840,-3.7095995,-14.84544,3.4706597
48841,-4.0408998,-14.751619,3.8002203
48842,-3.7628994,-14.802239,3.9667199
48843,-3.8667798,-15.344977,3.9439003
48844,-3.7938595,-15.039943,3.9144802
48845,-3.75928,-15.496179,4.12828
48846,-3.7185793,-14.630559,3.591261
48847,-3.9613795,-14.756939,3.9486396
48848,-3.7895203,-14.8302,3.9921396
48849,-4.13838,-14.918243,3.8104193
48850,-4.3090205,-14.74432,3.8758004
48851,-3.8840396,-14.89482,3.9386597
48852,-4.05774,-15.166959,4.38712
48853,-3.9688804,-14.873676,3.9645393
48854,-3.93854,-14.911639,3.9345198
48855,-4.2498603,-14.94802,3.9276395
48856,-4.4160604,-15.0733385,4.43394
48857,-4.3623996,-15.049179,4.1457796
48858,-4.0210795,-14.76082,3.6661208
48859,-4.4442596,-14.717041,3.59286
48860,-3.91934,-14.659317,3.5946798
48861,-4.1604795,-14.875558,3.5349011
48862,-3.7277195,-14.778861,4.1577206
48863,-3.9971197,-14.628657,3.8684597
48864,-4.1280203,-14.75598,3.91334
48865,-4.43936,-15.219859,4.1256194
48866,-4.416321,-15.041317,3.9693801
48867,-3.9643602,-14.896821,3.84586
48868,-4.1178193,-14.9127,4.21514
48869,-4.383539,-14.684262,3.9164596
48870,-4.055721,-14.501261,3.7303603
48871,-4.1793995,-15.003057,4.1563
48872,-4.0564404,-14.72702,3.6753795
48873,-3.9106793,-15.007078,4.0539193
48874,-3.78744,-14.874139,4.2056794
48875,-3.671939,-14.802258,3.9992394
48876,-3.7565203,-14.53068,4.1903806
48877,-4.0287395,-14.942778,4.0028996
48878,-4.009859,-14.391157,3.6974
48879,-3.9110594,-14.8619585,4.266741
48880,-4.26836,-14.702499,4.1533794
48881,-3.75174,-14.834159,4.2527194
48882,-3.9622993,-14.800142,3.9519799
48883,-3.7961802,-14.98128,3.9764192
48884,-4.114059,-14.760681,3.8098397
48885,-3.8026395,-14.58356,3.8214192
48886,-3.6838803,-14.56252,4.2247195
48887,-3.9345996,-14.6067,3.9195998
48888,-3.8265398,-15.004842,3.9335396
48889,-3.8951602,-14.86994,4.0056
48890,-3.6394,-14.731957,4.1721406
48891,-3.6703203,-14.9915,4.2067204
48892,-3.7063801,-14.688082,4.0063
48893,-3.5694597,-14.85032,3.9255602
48894,-3.7582197,-14.67816,3.8189397
48895,-3.909799,-14.6626,3.87004
48896,-3.6327999,-15.134838,4.167321
48897,-3.8395803,-14.8731785,4.1700397
48898,-3.7522006,-14.7910385,3.8584602
48899,-3.8224,-14.686979,4.0173798
48900,-3.6964002,-14.9589815,3.631519
48901,-4.000119,-15.092397,4.063459
48902,-3.79544,-14.611085,4.3985786
48903,-4.13992,-14.694881,3.8429992
48904,-3.9527001,-14.679599,4.1684995
48905,-3.7313604,-14.55926,4.2207794
48906,-3.7113204,-14.740038,4.1274595
48907,-4.1461,-15.038219,4.26096
48908,-4.0368595,-14.7721,4.118739
48909,-4.01358,-14.962517,3.8734002
48910,-4.1891794,-15.246179,3.8494604
48911,-3.82142,-14.873218,3.8008394
48912,-4.103881,-14.995759,3.8749597
48913,-4.1937804,-14.772598,3.9246597
48914,-3.8310797,-15.058082,4.1887407
48915,-4.10216,-15.091519,4.14386
48916,-4.11802,-15.084781,3.7555609
48917,-3.9556396,-15.103957,3.9426196
48918,-4.1431813,-15.06766,3.9295
48919,-4.1712203,-15.115378,3.864
48920,-3.8673604,-14.862778,3.90022
48921,-3.4517999,-14.646917,3.88754
48922,-3.8699405,-15.089999,3.8583794
48923,-3.8197603,-15.340201,4.1963
48924,-3.7908,-14.958121,4.2644606
48925,-3.885,-14.8522215,3.8606002
48926,-4.04366,-14.669101,3.7799196
48927,-3.6798604,-14.845418,4.2629395
48928,-3.8964393,-14.156961,3.9155397
48929,-3.7471395,-14.78496,4.11614
48930,-3.9782403,-15.00936,3.9912398
48931,-3.9317398,-15.165161,4.0008407
48932,-4.0459194,-14.9899,4.0036397
48933,-3.9660597,-15.0894,4.13566
48934,-3.8545406,-14.8879595,3.9431593
48935,-3.67136,-14.563381,3.9866803
48936,-3.9859393,-14.598862,4.02298
48937,-4.0450397,-14.44326,3.7546203
48938,-4.03148,-14.873958,4.1912003
48939,-3.6282403,-14.891059,4.1979795
48940,-3.61526,-15.124503,3.86328
48941,-4.05066,-14.854001,4.0267596
48942,-3.6460998,-15.597758,3.99386
48943,-3.56864,-15.1379795,4.2042394
48944,-3.66438,-15.368619,4.0488806
48945,-4.0062394,-15.261162,4.142379
48946,-4.10088,-14.944599,3.7101398
48947,-4.13282,-14.858661,3.8801806
48948,-3.8049595,-15.342438,3.9604204
48949,-4.0180798,-15.15408,3.718761
48950,-3.7476406,-14.9063635,4.09478
48951,-3.9872,-14.87456,3.90682
48952,-4.001819,-15.389258,4.0491405
48953,-3.8833609,-15.113762,3.9932394
48954,-3.78506,-15.363898,3.8539
48955,-4.11098,-14.951578,3.6916997
48956,-4.1376796,-14.515243,3.61778
48957,-4.0808797,-14.720239,3.67626
48958,-4.2781005,-14.712581,3.6871
48959,-4.0129995,-14.688299,3.71814
48960,-4.127859,-14.98252,4.060021
48961,-3.7876804,-14.8911,4.069519
48962,-3.8165195,-14.772637,4.3080997
48963,-3.8116,-14.727681,4.35428
48964,-3.7320395,-14.75814,4.0393596
48965,-3.7178001,-14.648382,3.8953807
48966,-3.5160797,-14.558138,3.93898
48967,-3.8480196,-14.775718,4.0608006
48968,-3.8858001,-14.79952,3.9750597
48969,-3.8103204,-14.457899,3.8886003
48970,-4.0809793,-14.813138,4.0987997
48971,-4.0598598,-15.06034,4.1531205
48972,-3.7862606,-14.671422,3.9767394
48973,-3.8062406,-14.987479,4.31716
48974,-3.5688403,-14.788118,4.595879
48975,-4.0857797,-14.79846,3.9261203
48976,-3.9261599,-14.6745405,3.91992
48977,-3.9875188,-15.0061,4.2029796
48978,-4.4003205,-14.705258,4.04454
48979,-4.07178,-14.906682,3.9704006
48980,-3.8210604,-14.891399,4.4178996
48981,-3.4557996,-14.981137,4.15328
48982,-3.9106603,-14.795058,4.2652597
48983,-3.72678,-14.861821,4.3362193
48984,-3.55128,-14.580239,4.4692197
48985,-3.586501,-14.6181,4.37398
48986,-3.76618,-14.61326,4.6202397
48987,-3.874721,-14.681802,4.3187795
48988,-4.0145793,-14.688721,4.4575596
48989,-4.0419803,-14.234401,4.0184193
48990,-3.6275198,-14.812459,4.0189605
48991,-3.8845,-14.815779,3.8536994
48992,-4.3428187,-14.714458,3.9186807
48993,-3.9048603,-15.002661,4.15442
48994,-4.04514,-14.696539,4.2224593
48995,-3.7901797,-14.628599,4.0481997
48996,-3.9558804,-14.708358,4.41138
48997,-4.0664797,-14.865901,4.3666987
48998,-4.1928,-14.769219,4.2874002
48999,-4.2094,-14.36378,4.00462
49000,-4.0798,-14.3977585,4.12092
49001,-4.06102,-14.566118,4.0381193
49002,-3.9707,-14.545441,4.144941
49003,-3.9909995,-14.609499,4.2870603
49004,-4.0957804,-14.463699,4.0977397
49005,-4.0502,-14.3172,3.8856196
49006,-3.6487205,-14.598738,3.8603005
49007,-3.7095199,-14.845801,4.2573404
49008,-4.126179,-15.202259,4.1487603
49009,-3.8440802,-15.30696,4.0375204
49010,-4.2057405,-15.319939,4.0324793
49011,-3.8777204,-15.148339,4.0121393
49012,-4.20766,-14.968842,3.8975399
49013,-4.4216394,-14.872263,3.9294589
49014,-4.03712,-14.592499,4.091579
49015,-4.0829396,-14.8281975,4.24158
49016,-4.2074203,-14.642759,4.1028
49017,-4.1419797,-14.630022,3.9406004
49018,-4.0359197,-14.75068,3.9523802
49019,-3.79486,-14.814719,4.04186
49020,-4.1195,-14.842579,3.9337802
49021,-3.5565994,-15.113442,3.9863393
49022,-4.3897605,-15.125158,3.9248595
49023,-4.29502,-14.756419,3.7513006
49024,-3.9498203,-14.752221,3.7341793
49025,-4.3948,-14.96174,3.7583597
49026,-4.5372605,-14.92778,3.9158602
49027,-4.2119193,-14.259081,3.64568
49028,-4.523619,-14.963079,4.05584
49029,-3.8847995,-14.49266,4.00956
49030,-4.1432996,-14.8866205,4.1272798
49031,-4.0519404,-14.8353405,4.0386596
49032,-4.02904,-15.092621,3.9436803
49033,-3.9297192,-14.664559,3.7950194
49034,-3.75532,-14.62442,3.7231197
49035,-4.0125804,-14.642079,4.035359
49036,-4.0989995,-15.115659,3.9315999
49037,-3.9002593,-14.99286,3.9403403
49038,-4.1919403,-14.933159,3.8401594
49039,-4.0283995,-15.005604,4.0006404
49040,-4.26736,-14.94322,4.0148
49041,-4.0719204,-14.5592,3.8788605
49042,-4.0207396,-14.41382,3.77732
49043,-3.5143795,-14.63926,4.0386004
49044,-4.0164,-14.537856,3.7962005
49045,-3.8087597,-14.723359,3.8333
49046,-3.89518,-15.059841,3.91278
49047,-4.08364,-15.121801,4.2079988
49048,-4.203,-15.126859,3.9538403
49049,-4.1647596,-14.724019,3.95912
49050,-4.199541,-14.30846,3.88854
49051,-4.27534,-14.5277195,3.8218193
49052,-4.476679,-14.9379,4.0252604
49053,-4.2710404,-14.730682,4.1276603
49054,-4.490059,-15.031058,4.14082
49055,-4.17666,-14.782081,3.8433597
49056,-4.1253204,-14.722776,4.0792994
49057,-4.0551004,-14.512679,4.01936
49058,-4.0865793,-14.427518,3.9799798
49059,-4.29486,-14.683297,4.064921
49060,-4.09962,-14.423898,3.88854
49061,-3.89256,-14.289879,3.9540591
49062,-4.2506,-14.500142,4.1226
49063,-3.8860197,-14.647881,4.2281604
49064,-4.28082,-15.22758,3.76088
49065,-4.2019997,-15.177462,3.7487009
49066,-4.40822,-14.99676,3.7362602
49067,-4.0574803,-15.270417,4.43724
49068,-4.34634,-14.770039,4.0168796
49069,-4.2312403,-14.791482,3.6847606
49070,-4.24936,-14.667178,3.7348595
49071,-4.15524,-14.520858,4.00032
49072,-3.9065187,-14.719139,3.9748003
49073,-4.55896,-14.535359,3.78064
49074,-4.6842604,-14.440822,3.6441214
49075,-4.4301596,-14.387981,3.7580395
49076,-4.5368805,-14.644082,3.8229797
49077,-4.3280993,-14.29226,3.7979198
49078,-4.13092,-14.73644,4.25374
49079,-4.2746005,-14.4112425,3.9841406
49080,-4.3866,-14.695677,4.010099
49081,-4.1018205,-14.270619,3.7985005
49082,-4.1395397,-14.74704,4.06954
49083,-3.9290597,-14.519921,3.9603195
49084,-3.7905803,-14.606281,4.2615404
49085,-4.18836,-14.846999,4.15566
49086,-4.3486595,-15.156037,4.0707397
49087,-4.55446,-14.602042,4.050539
49088,-4.5115395,-14.881062,3.8697004
49089,-4.5644403,-14.515819,4.1339407
49090,-4.4918795,-14.74342,4.3650794
49091,-4.4402604,-14.664459,3.7818193
49092,-4.32782,-14.854838,4.00482
49093,-4.4621997,-14.214142,3.8689795
49094,-4.8937397,-14.75134,3.8573806
49095,-4.5082793,-15.046458,3.9786208
49096,-4.3596396,-14.601275,4.0989594
49097,-4.48144,-14.649638,3.8294997
49098,-5.0075793,-14.494537,3.3303795
49099,-4.990859,-14.697218,3.2038603
49100,-4.849139,-14.6568165,3.45098
49101,-4.45132,-14.850981,3.81156
49102,-4.2381396,-14.645558,3.5972395
49103,-4.6288795,-14.49562,3.5713997
49104,-4.4965405,-14.850381,3.9168005
49105,-4.85286,-14.54562,3.7956402
49106,-4.9344006,-14.41736,3.71418
49107,-4.6033797,-14.525121,3.775619
49108,-4.5185795,-14.604381,3.8726
49109,-5.00632,-14.290797,3.5079598
49110,-4.55226,-14.443178,3.9029198
49111,-4.8289204,-14.455562,3.702259
49112,-4.532079,-14.69218,3.7115397
49113,-4.7887793,-14.7201805,3.5797994
49114,-4.51416,-14.265677,3.5097997
49115,-4.633099,-14.473079,3.57388
49116,-4.71596,-14.439096,3.9922798
49117,-4.9961805,-14.535579,3.6293588
49118,-4.97526,-14.418939,3.90826
49119,-5.01844,-14.323901,3.7528203
49120,-4.79426,-14.413558,3.6684191
49121,-4.4502,-14.970221,4.03794
49122,-4.8625793,-15.047142,3.4186
49123,-4.3837204,-14.576339,3.46752
49124,-4.54894,-14.575359,3.51418
49125,-4.5893397,-14.64436,3.5658803
49126,-4.3286195,-14.6295395,3.5170794
49127,-4.5396395,-14.999082,3.4494796
49128,-4.69462,-14.931621,3.8056204
49129,-4.6097007,-14.89786,3.5009596
49130,-4.7859397,-14.671021,3.3452787
49131,-4.5245996,-14.4959,3.3935397
49132,-4.1791196,-14.676319,3.8091402
49133,-4.73618,-14.687203,3.733339
49134,-4.46358,-14.8100605,3.5748804
49135,-4.56994,-14.74106,3.9930394
49136,-4.5939593,-14.5017185,3.82464
49137,-4.36192,-14.432159,3.8373199
49138,-4.4338403,-14.795861,3.4862804
49139,-4.4942,-14.997938,3.9494402
49140,-4.5311003,-15.185339,3.7393203
49141,-4.6219397,-14.579621,3.6790411
49142,-4.4678,-15.255598,3.8824399
49143,-4.2743807,-14.908839,3.8413198
49144,-4.4505796,-15.015681,4.1165605
49145,-4.566999,-15.159518,3.9886599
49146,-4.49232,-15.364637,4.1355796
49147,-4.16454,-15.190902,4.2341
49148,-3.9615798,-15.464818,3.9244401
49149,-4.30776,-15.502059,4.2746997
49150,-4.3974605,-15.42322,4.13202
49151,-4.2641993,-15.005621,4.1592
49152,-4.1905,-15.05688,4.0278797
49153,-4.5555596,-14.947316,3.9151204
49154,-4.03664,-14.863238,4.05358
49155,-4.1949797,-15.663622,4.0705
49156,-4.4520597,-14.8627205,4.104759
49157,-4.4821005,-14.903299,4.344421
49158,-4.39048,-14.989541,3.91644
49159,-4.457881,-15.111099,4.1522403
49160,-3.9611397,-15.453439,4.4531994
49161,-4.581939,-15.53664,4.1198196
49162,-4.6162,-15.39366,4.4398994
49163,-4.332079,-15.0672,3.9616997
49164,-4.20544,-15.128479,4.1043205
49165,-4.4758406,-14.876559,3.8450198
49166,-4.75756,-14.638041,3.559379
49167,-4.63768,-15.233481,4.10648
49168,-4.5172195,-15.073298,4.161201
49169,-4.71382,-14.897959,3.5256991
49170,-4.7623205,-14.8416195,3.730261
49171,-4.8018794,-14.868918,3.6362798
49172,-4.82684,-15.156442,3.4782007
49173,-4.7294006,-14.230239,3.5071194
49174,-4.7699003,-14.924376,3.4685194
49175,-4.8588195,-14.648839,3.47754
49176,-4.4803395,-14.590701,3.7707992
49177,-4.7118998,-14.296398,3.4721801
49178,-4.5396395,-14.982579,3.9697201
49179,-4.8883195,-14.8148985,3.74466
49180,-4.9930997,-14.462703,3.5058398
49181,-5.0159593,-14.619581,4.0740604
49182,-4.56398,-14.651018,3.8910196
49183,-4.52816,-14.469197,3.7277598
49184,-4.540459,-14.802041,3.57394
49185,-4.7351794,-14.304979,3.6430795
49186,-4.4794803,-14.720581,3.8076804
49187,-4.3548007,-14.895801,3.7384198
49188,-4.38406,-14.84266,4.06254
49189,-4.4681396,-14.83852,3.7734609
49190,-4.20838,-15.408359,3.8265
49191,-4.3928394,-15.343658,4.0958
49192,-4.2935004,-14.82224,3.5695992
49193,-4.779441,-14.999701,3.3109393
49194,-4.67874,-15.21344,3.5175192
49195,-4.67656,-14.651459,3.5191994
49196,-4.1684394,-15.220037,3.59566
49197,-4.361239,-15.410339,3.4993396
49198,-4.44106,-15.35764,4.1502805
49199,-4.26778,-15.63784,4.16746
49200,-4.4983006,-15.079861,4.262
49201,-4.4826207,-14.888559,3.9094994
49202,-4.33184,-14.894699,3.8613205
49203,-4.5624604,-14.380179,3.8974795
49204,-4.6562605,-14.356698,3.7045398
49205,-4.7529993,-14.3712,3.5702002
49206,-4.5949006,-14.815901,3.9799
49207,-4.449661,-14.697459,4.2669
49208,-4.36142,-14.702479,3.97506
49209,-4.3308997,-15.109838,4.35464
49210,-4.61118,-14.94132,3.9178398
49211,-4.67614,-15.006557,3.9873595
49212,-4.5980396,-15.046639,4.05226
49213,-4.3107004,-15.22728,4.0302997
49214,-4.1738205,-14.910697,3.8776393
49215,-4.404879,-15.051004,3.8923192
49216,-4.16072,-14.959079,3.7439797
49217,-4.4689,-14.947441,4.07836
49218,-4.199241,-14.705698,3.364199
49219,-4.007399,-15.034443,3.9221196
49220,-4.0509205,-14.913258,3.8392198
49221,-4.0248995,-14.889301,3.6401014
49222,-4.16398,-14.650758,3.4937801
49223,-4.04472,-15.075479,3.87672
49224,-4.28516,-14.830118,4.1063204
49225,-4.3686004,-15.151818,3.9925597
49226,-4.41794,-15.331739,4.3134193
49227,-4.17362,-15.369338,4.0108805
49228,-4.394,-15.2700615,4.0168796
49229,-4.5628805,-15.005842,3.8719997
49230,-4.3390403,-14.92128,3.77174
49231,-4.4726005,-15.377098,4.0542793
49232,-4.1848598,-15.246519,3.8820398
49233,-4.3884206,-14.875101,3.7216804
49234,-4.49646,-15.122259,3.92416
49235,-4.4015403,-14.664141,3.8395596
49236,-4.56474,-14.819059,4.20342
49237,-4.42072,-14.7278595,3.9081998
49238,-4.04402,-14.73088,3.56366
49239,-4.2306995,-14.518499,3.8690193
49240,-4.3827796,-14.704559,3.878199
49241,-4.2560596,-14.884962,3.82682
49242,-4.0652604,-15.001399,4.0798197
49243,-4.1388,-14.910839,3.8661797
49244,-4.4743004,-14.632299,3.9204783
49245,-4.4597797,-14.728521,4.379159
49246,-4.1407194,-15.034139,4.142221
49247,-4.0110598,-14.743594,4.3475604
49248,-4.07704,-14.56254,3.9697003
49249,-4.33734,-14.596062,3.9182196
49250,-4.2612395,-14.523199,3.8064797
49251,-4.16756,-14.851438,3.8467598
49252,-4.1951804,-14.512161,3.6657808
49253,-4.54794,-14.676059,4.0114403
49254,-4.5722594,-14.447922,3.6920402
49255,-4.13452,-14.943381,3.7838192
49256,-4.3058,-14.667718,3.8115194
49257,-4.1209793,-14.659138,3.9712996
49258,-4.0434,-15.063298,3.9751406
49259,-3.994139,-14.881519,3.7315412
49260,-3.8928397,-14.615597,3.72484
49261,-4.03004,-14.491021,3.73774
49262,-4.350479,-14.584857,3.9744396
49263,-4.56592,-14.699657,3.8100607
49264,-4.34416,-14.315637,3.94902
49265,-4.40878,-14.412219,3.81674
49266,-4.340359,-14.938341,4.0894
49267,-4.4717,-14.3592205,4.48216
49268,-3.8692403,-14.59998,4.1108994
49269,-4.025059,-14.575959,3.82112
49270,-4.3204994,-14.28568,4.08894
49271,-4.06848,-14.883379,4.2719207
49272,-4.0641,-14.888141,4.0010195
49273,-4.3550396,-14.761219,3.6222599
49274,-4.52022,-14.589161,3.76614
49275,-4.3599396,-14.6836605,3.9500396
49276,-4.4102006,-14.582903,3.9835603
49277,-4.0349793,-14.19224,3.6227002
49278,-4.3409195,-14.767122,4.509939
49279,-4.1830006,-14.333501,4.0375996
49280,-4.24576,-14.242259,3.8220196
49281,-4.1561794,-14.39604,3.7300193
49282,-4.012901,-14.562,3.7069998
49283,-4.4883995,-14.155859,3.8037796
49284,-4.1114397,-14.105778,4.0061994
49285,-3.9246197,-14.244299,3.7400408
49286,-4.1696,-14.031897,3.5487392
49287,-3.9974196,-14.657058,3.9109793
49288,-4.09646,-14.395261,3.89866
49289,-3.8644402,-14.823539,3.7275
49290,-4.2206593,-14.617718,3.97412
49291,-4.362539,-14.233199,3.9508996
49292,-4.3147397,-14.538081,4.1259
49293,-4.1297197,-14.567461,4.02816
49294,-4.34158,-14.671902,3.8936598
49295,-4.367279,-14.557697,3.7428806
49296,-4.2880006,-14.750642,4.14798
49297,-4.3087397,-14.36426,4.069121
49298,-4.2366405,-14.831218,4.1123796
49299,-4.3635,-14.777963,3.9455602
49300,-4.1116605,-14.741318,3.9400394
49301,-4.4010606,-14.801899,4.2117805
49302,-4.0664997,-14.442075,3.9548604
49303,-4.1595597,-14.712622,3.8612196
49304,-4.2957,-15.106023,4.20612
49305,-4.3974404,-14.894139,4.0214596
49306,-3.9624393,-14.9047985,3.8434606
49307,-4.25098,-14.956477,4.0017185
49308,-4.2159605,-15.283941,3.8317401
49309,-4.46062,-15.27504,3.8771996
49310,-4.0740805,-15.50592,4.14734
49311,-4.30722,-14.892001,3.8903406
49312,-3.8615599,-15.163481,3.74532
49313,-3.9995596,-14.95058,3.7453396
49314,-4.5716395,-15.337858,3.6141598
49315,-4.5257006,-14.831521,3.5352397
49316,-4.3667207,-14.637562,3.47368
49317,-4.2546597,-14.722658,3.939179
49318,-4.294159,-14.54352,3.8057199
49319,-4.6268,-14.95254,3.8334796
49320,-4.12792,-14.7517,3.7835
49321,-3.9641204,-14.496039,3.99018
49322,-4.2328196,-14.983421,4.05536
49323,-3.9595993,-15.127121,4.25932
49324,-4.2724605,-15.063982,4.0387797
49325,-4.18868,-15.150319,3.8331203
49326,-4.11402,-14.774359,3.7873003
49327,-3.9477394,-14.9294195,3.4478002
49328,-3.9935,-14.635861,3.56858
49329,-4.0201993,-14.495319,3.8524392
49330,-4.22142,-14.745582,3.7092996
49331,-4.0133395,-14.637521,3.63512
49332,-4.0706396,-14.817561,3.8680792
49333,-4.198059,-14.562261,3.4534197
49334,-4.01196,-14.77898,4.10054
49335,-4.2091007,-14.574961,3.7908008
49336,-4.4275804,-14.898142,3.7410805
49337,-4.645779,-15.2201805,3.5286195
49338,-4.3179593,-14.884899,3.79928
49339,-3.9210603,-14.940859,3.7764196
49340,-3.7625406,-14.834919,3.89186
49341,-4.0735197,-15.06404,4.00204
49342,-3.9014595,-15.1231575,3.6563003
49343,-3.8927603,-15.310839,3.91664
49344,-4.1119404,-15.204819,3.9412603
49345,-4.18902,-14.87308,3.688641
49346,-4.25894,-14.948117,4.0267386
49347,-4.47582,-15.144642,3.9649
49348,-4.2612,-15.0115595,3.7700405
49349,-4.21886,-15.148121,3.71734
49350,-4.2704005,-15.215499,3.7956004
49351,-4.029761,-15.23056,3.8709798
49352,-4.5878205,-14.942259,3.70146
49353,-4.13924,-14.7323,4.2132797
49354,-4.2766604,-14.903082,4.0850797
49355,-4.1361,-15.519004,4.2607985
49356,-3.9826598,-14.71658,4.1241403
49357,-3.8724399,-15.337758,3.943
49358,-4.30102,-15.125341,4.0054197
49359,-4.03106,-15.140879,3.7835
49360,-4.2087398,-14.597218,3.9693596
49361,-4.0524597,-14.811899,3.73226
49362,-4.5888996,-14.4855175,3.45844
49363,-4.21422,-14.78518,3.40158
49364,-4.10104,-14.586341,3.5658407
49365,-4.3898196,-14.825157,3.7249792
49366,-4.0187397,-14.767718,3.4809794
49367,-4.619461,-14.737537,3.1139398
49368,-4.3783007,-15.05454,3.7147992
49369,-4.3268003,-14.7096,3.6269002
49370,-4.2057195,-15.00348,3.7915795
49371,-4.4528193,-14.4997015,3.74954
49372,-4.2736397,-15.080262,3.6817997
49373,-4.2531996,-15.04726,3.6988802
49374,-4.5829,-15.487297,3.945281
49375,-4.4938793,-15.741399,3.9218395
49376,-4.2698593,-15.487899,3.7294805
49377,-4.00798,-15.535061,3.6410806
49378,-4.3534,-15.513421,3.346161
49379,-4.06386,-15.320339,3.9436395
49380,-4.0966396,-15.374221,3.4698
49381,-4.12666,-15.227921,3.48388
49382,-4.43856,-15.06548,3.5433795
49383,-4.3636804,-15.09302,3.5465796
49384,-4.54604,-14.993741,3.5825799
49385,-4.1666794,-15.083438,3.745061
49386,-4.2662,-15.21948,3.4685602
49387,-4.5205603,-15.031518,3.6725998
49388,-4.44334,-15.3312,3.5502203
49389,-4.2363,-15.487837,3.80648
49390,-4.38578,-15.29812,3.4931195
49391,-4.7056003,-15.647261,4.2266593
49392,-4.43854,-15.292297,4.060001
49393,-4.6366606,-15.56288,3.7712197
49394,-4.840579,-15.282901,3.9173596
49395,-4.3850603,-15.156538,3.7202795
49396,-4.2198005,-15.354702,3.7018
49397,-4.3637795,-15.433819,3.9460397
49398,-4.38544,-15.416761,3.7684996
49399,-4.72658,-15.734556,4.2325206
49400,-4.58866,-15.48894,4.058319
49401,-4.6433806,-15.15772,3.8305602
49402,-4.553439,-15.628563,3.76932
49403,-4.22228,-15.469299,3.889059
49404,-4.1473603,-15.513041,3.9014804
49405,-4.15298,-15.180499,4.00692
49406,-4.4391603,-15.60292,4.1355205
49407,-4.19378,-15.124939,4.0150003
49408,-4.34304,-15.791343,4.1191597
49409,-4.1071,-15.552117,4.2014003
49410,-4.129919,-15.534419,4.2421403
49411,-4.0095196,-15.54842,4.0252995
49412,-4.3530803,-15.116478,4.3373003
49413,-4.2221994,-15.310499,4.0871806
49414,-4.18226,-15.219583,4.1924996
49415,-4.1125197,-15.578901,3.964601
49416,-4.13864,-15.530838,3.9559202
49417,-4.26074,-15.5473,4.182661
49418,-4.1063194,-15.569399,4.11632
49419,-4.3140397,-15.570016,4.3407397
49420,-4.1289196,-15.348817,4.24006
49421,-4.2621994,-15.256318,3.7889993
49422,-4.1860595,-15.210658,4.0494394
49423,-4.1452403,-15.484238,4.0898585
49424,-4.0615797,-15.568937,3.9141412
49425,-4.0778203,-15.144498,3.8021996
49426,-4.19626,-15.15312,4.0961003
49427,-4.3253994,-15.631458,3.8929403
49428,-4.17168,-15.572179,4.253879
49429,-4.3194795,-15.514477,4.3169193
49430,-4.3174396,-15.638302,4.40984
49431,-4.0974607,-15.7775755,3.9501193
49432,-4.28978,-16.0779,4.24954
49433,-4.2089996,-15.522897,4.238701
49434,-4.2368193,-15.59974,4.519339
49435,-4.5596004,-15.624199,4.59658
49436,-4.5058002,-16.028318,4.1296
49437,-4.6070204,-15.713538,4.2931995
49438,-4.3498197,-15.867861,4.3934803
49439,-4.7113004,-15.58924,3.9896798
49440,-4.3701997,-15.833999,4.5973997
49441,-4.3562603,-15.96958,4.13
49442,-4.4096403,-15.870521,3.8950005
49443,-4.38362,-15.782996,3.8164804
49444,-4.505601,-15.597098,4.2689786
49445,-4.4118605,-15.3452015,4.42538
49446,-4.4319806,-15.83706,4.15962
49447,-4.4312396,-15.698437,4.34306
49448,-4.5074196,-15.54514,4.2137804
49449,-4.5988193,-15.553939,4.4441605
49450,-4.5070796,-15.3065405,4.3915
49451,-4.2293205,-15.392423,4.32888
49452,-4.5851,-15.534141,4.28036
49453,-4.63334,-15.110199,4.2078204
49454,-4.3504195,-15.58894,4.6789403
49455,-3.97778,-15.1990595,4.68156
49456,-4.18454,-14.962701,4.41566
49457,-4.0967994,-15.677601,4.4963603
49458,-4.2359605,-15.362781,4.3674
49459,-4.23208,-15.260059,4.725479
49460,-4.1572394,-15.146401,4.29558
49461,-4.0957804,-15.14874,4.3365197
49462,-4.0274596,-15.113002,4.1598797
49463,-4.08984,-15.283776,4.2123203
49464,-3.8898602,-15.339802,4.2269406
49465,-3.9582,-15.60378,4.56444
49466,-4.3972397,-15.494143,4.085561
49467,-4.5203805,-15.2179575,4.1250596
49468,-4.3695006,-15.07394,4.4211993
49469,-4.43174,-15.057981,4.2017393
49470,-4.2275195,-15.323601,4.3507404
49471,-4.3827796,-15.000761,4.3123407
49472,-4.57824,-15.00488,4.302319
49473,-4.63088,-15.1709385,4.352
49474,-4.56122,-14.78062,4.1956596
49475,-4.1253595,-15.330278,4.4752197
49476,-4.3168206,-15.1801405,4.39102
49477,-4.5204196,-15.247119,4.7533402
49478,-4.3765397,-15.136799,4.4009995
49479,-4.1721807,-14.839179,4.24818
49480,-4.2766004,-15.22618,4.2506404
49481,-4.0672793,-15.7460985,4.6400394
49482,-3.9766002,-15.662598,4.33174
49483,-4.0745,-15.547919,4.5767198
49484,-3.9422405,-15.038642,4.4194193
49485,-4.19532,-15.39768,3.9072804
49486,-4.0444994,-15.481143,4.4650803
49487,-4.20424,-15.12234,4.5457997
49488,-4.3611393,-15.14968,4.36772
49489,-4.1140394,-15.142061,4.5625806
49490,-4.17786,-15.108218,4.5426397
49491,-4.3916197,-15.30346,4.4832797
49492,-4.08884,-14.9707,4.4508395
49493,-4.0673804,-15.084823,4.1113
49494,-4.1371403,-14.756079,4.0631204
49495,-4.2447596,-15.147616,3.99184
49496,-4.0504193,-15.021441,4.8034196
49497,-4.2173195,-15.0736,4.4610395
49498,-4.323439,-15.307498,4.499061
49499,-4.247979,-15.04528,4.3896794
49500,-4.2850003,-14.892219,4.0920606
49501,-3.9242404,-15.145896,4.4455004
49502,-4.2301,-14.92758,4.256561
49503,-3.9491196,-15.05414,4.4313593
49504,-4.11854,-14.775781,4.1295605
49505,-4.2104397,-14.888282,4.0128007
49506,-4.0732,-14.7320175,4.0180597
49507,-4.21444,-14.98098,4.1549
49508,-4.3248005,-15.37756,4.3653803
49509,-4.5092597,-14.781141,3.9102995
49510,-4.161781,-15.065182,4.370841
49511,-4.439999,-15.26876,4.277961
49512,-4.2710605,-15.125185,4.4503603
49513,-4.4224796,-14.771257,3.9547594
49514,-4.36314,-14.98534,4.0428195
49515,-4.40344,-15.2542,4.3843403
49516,-4.3207,-15.596578,4.3876405
49517,-4.1497407,-15.097499,4.1254196
49518,-4.2352805,-15.358479,4.14442
49519,-4.2810593,-15.032899,4.0635605
49520,-4.16288,-15.137797,4.244699
49521,-4.39924,-15.637178,4.41174
49522,-4.18514,-15.235182,4.5647407
49523,-4.55656,-15.466579,4.46168
49524,-4.4509,-15.352579,4.5367002
49525,-3.9847195,-15.547622,4.350501
49526,-4.3251395,-15.41328,4.27358
49527,-3.9832,-15.155537,4.1316595
49528,-4.0468197,-15.178138,4.38028
49529,-3.9200804,-15.115001,3.9436994
49530,-3.7992394,-15.023158,4.1295595
49531,-4.20552,-15.597682,4.190161
49532,-3.9152992,-15.3381605,4.3561
49533,-4.2389,-15.1076,3.9931796
49534,-4.24626,-15.695759,4.4238396
49535,-4.2396,-15.262841,4.2076993
49536,-3.808521,-15.117759,4.5510406
49537,-4.27764,-15.58698,4.75216
49538,-4.2888594,-14.769001,4.5284204
49539,-4.0299406,-14.923523,4.56894
49540,-3.9210796,-15.511459,4.5467005
49541,-3.8437202,-15.226639,4.5538
49542,-4.0469,-15.31204,4.131
49543,-4.0954604,-15.383938,4.2932405
49544,-4.1109796,-15.06192,4.0926805
49545,-4.1102195,-14.942019,4.1716394
49546,-3.9434602,-14.76608,4.19144
49547,-4.2032595,-14.768019,4.0846806
49548,-3.9535592,-15.046903,3.7882607
49549,-3.8688598,-14.846716,4.047259
49550,-4.04524,-14.718541,3.9205606
49551,-3.840579,-14.96218,3.7577598
49552,-4.02222,-14.971139,3.97112
49553,-4.3490195,-15.232441,4.10598
49554,-4.053361,-14.867881,3.9671206
49555,-3.9842205,-15.193078,4.090841
49556,-4.350579,-15.340058,4.0815196
49557,-4.3794794,-15.284138,4.0038195
49558,-4.3421197,-15.150397,4.0706
49559,-3.9446204,-15.437195,4.31504
49560,-4.07632,-15.081,4.5730805
49561,-4.26158,-15.21286,4.5204997
49562,-3.813759,-14.987337,3.9937801
49563,-3.97806,-15.482181,4.2427397
49564,-3.97338,-15.450019,4.1402802
49565,-4.172059,-15.427439,4.0949807
49566,-3.9356601,-15.407703,4.18164
49567,-4.1735806,-15.14578,4.19982
49568,-3.9558601,-14.82268,4.023159
49569,-4.230241,-14.861477,4.185819
49570,-3.878559,-14.807839,4.1287804
49571,-3.9823,-14.86796,3.7850604
49572,-4.03768,-15.3226595,4.4105997
49573,-4.4710193,-15.15792,4.2006397
49574,-4.3396206,-15.078962,4.17518
49575,-4.21114,-14.867499,4.141881
49576,-4.2210393,-15.0253,4.09428
49577,-4.489541,-15.00652,4.156179
49578,-4.0095196,-14.646181,3.9796004
49579,-4.0913806,-14.993722,4.3563795
49580,-4.4226193,-14.987678,4.188581
49581,-4.4802,-15.079678,4.1256595
49582,-4.21062,-15.2158985,4.4377403
49583,-4.247259,-15.045317,4.5158
49584,-4.5941,-15.071664,4.538059
49585,-4.3256006,-15.02514,4.3256397
49586,-4.5460405,-15.13692,4.242079
49587,-4.486659,-14.831182,4.0186195
49588,-4.388739,-15.062541,4.145079
49589,-4.11996,-15.38002,4.2018003
49590,-4.43222,-15.362361,4.5798807
49591,-4.2619996,-15.408221,4.36198
49592,-3.8656793,-15.348378,4.37228
49593,-3.8609798,-15.209719,4.1282005
49594,-4.4205804,-15.383702,4.0898204
49595,-4.00584,-15.767078,4.1194406
49596,-4.05616,-15.78294,3.9425397
49597,-4.202521,-15.756141,3.865
49598,-3.970719,-15.417639,3.8788807
49599,-4.1687,-14.801821,4.311899
49600,-4.1633387,-15.376679,4.02678
49601,-4.12328,-14.961439,4.4811997
49602,-3.9060392,-15.120498,4.0992203
49603,-4.0202594,-14.982118,4.2869205
49604,-4.33766,-15.07162,4.2058997
49605,-4.29828,-15.05488,3.7941797
49606,-4.13436,-15.03654,3.76708
49607,-4.19138,-15.295879,4.02832
49608,-4.2862997,-15.098481,3.9674792
49609,-4.57188,-15.285839,3.8622997
49610,-4.1685395,-15.018701,3.9510798
49611,-4.32652,-15.14178,4.08176
49612,-3.9639206,-15.39292,3.8777602
49613,-4.6874003,-15.17372,4.0408998
49614,-4.48676,-15.327398,3.93506
49615,-4.228259,-14.93336,3.6994598
49616,-4.15138,-14.848761,4.2009993
49617,-4.2044196,-14.745759,4.00978
49618,-4.42576,-14.64966,3.8498
49619,-4.1873393,-15.155819,3.7525399
49620,-4.5747404,-14.822601,3.6691597
49621,-4.90236,-15.3422165,4.0731997
49622,-4.4981,-15.421902,3.8337004
49623,-4.1730604,-15.123302,3.8272197
49624,-4.28096,-15.346181,3.8930604
49625,-4.2021594,-15.468321,3.8062193
49626,-4.1141996,-14.707541,3.8424196
49627,-4.1832995,-15.398142,3.7506402
49628,-3.9401202,-15.122336,3.5635996
49629,-3.7843606,-14.970381,4.2880797
49630,-4.0018005,-15.048359,3.76374
49631,-4.4806995,-14.752417,3.7771206
49632,-4.5516806,-14.929319,3.9197402
49633,-4.5130997,-14.977461,4.01244
49634,-4.22854,-14.99292,3.7942803
49635,-4.07464,-14.841498,3.7625594
49636,-4.0112205,-15.093757,3.852761
49637,-4.5149603,-14.989277,3.5914004
49638,-4.4728193,-14.973679,3.80652
49639,-4.2463408,-14.5762205,3.7013197
49640,-3.8888605,-14.843,3.885039
49641,-4.31924,-14.807279,3.8664198
49642,-4.3753,-14.9097595,4.12862
49643,-4.12524,-14.601842,3.5266204
49644,-4.14792,-14.2292,3.6207597
49645,-4.09838,-14.874041,3.5515203
49646,-4.1400995,-14.714479,3.8999398
49647,-4.0238404,-14.744138,3.5677593
49648,-4.4973207,-14.791759,3.5744007
49649,-3.83508,-14.80464,3.9122195
49650,-4.1302195,-14.8592205,3.8955998
49651,-4.2508993,-14.4525385,3.7423205
49652,-4.2459803,-14.52846,3.7763
49653,-4.3190603,-14.275802,3.7514594
49654,-4.46354,-14.709418,3.88522
49655,-4.41342,-14.48434,4.168339
49656,-4.6980186,-15.305237,4.3915195
49657,-4.1173,-15.23888,4.1342793
49658,-4.06504,-15.012939,3.81202
49659,-4.2475595,-14.85612,3.831819
49660,-4.289979,-14.894458,3.8741
49661,-4.2983,-14.919719,3.7784796
49662,-4.3006597,-15.480423,4.15216
49663,-4.5075207,-15.23368,3.887159
49664,-4.5012403,-14.843318,3.5270398
49665,-4.2345996,-14.842998,3.764781
49666,-4.2503996,-14.809959,3.7891197
49667,-4.59692,-14.692996,3.48314
49668,-4.58916,-14.7629,3.3410199
49669,-4.4013,-14.959021,3.8087196
49670,-4.00506,-14.24878,3.7193203
49671,-4.1495605,-14.83706,3.6037996
49672,-4.77726,-14.484981,3.6674995
49673,-4.5627007,-14.313939,3.7645993
49674,-4.3546805,-14.726977,3.5167804
49675,-4.8024797,-14.601523,3.77292
49676,-4.8100996,-14.809061,3.5714004
49677,-4.9209204,-14.534363,3.5879593
49678,-4.47228,-14.33408,3.4247198
49679,-4.4354796,-14.69356,3.6562395
49680,-4.61438,-14.930101,3.9323392
49681,-4.84942,-14.898221,3.6232398
49682,-4.5501204,-14.723499,3.5435398
49683,-4.7182803,-14.886063,3.6971605
49684,-4.2969203,-15.214296,3.5671403
49685,-4.93024,-15.182042,3.3426
49686,-4.62296,-15.089482,3.3827808
49687,-4.9556,-14.730962,3.2619402
49688,-5.1586595,-15.342778,3.5805202
49689,-5.03546,-15.120619,3.24086
49690,-4.8492794,-14.722402,3.3292003
49691,-4.71662,-14.828158,3.4135997
49692,-4.9245205,-14.90488,3.4711
49693,-4.6954,-14.76408,3.7763598
49694,-4.89912,-14.74144,3.7134404
49695,-4.772599,-14.499401,3.7100198
49696,-5.0530195,-14.927161,3.7171602
49697,-4.65736,-15.042521,3.3993006
49698,-4.89294,-14.755598,3.6230402
49699,-5.2180805,-14.8577385,3.2828395
49700,-5.0865793,-14.824999,3.530139
49701,-4.5949397,-14.799998,3.2511597
49702,-5.4564195,-14.556778,3.4909606
49703,-5.5378003,-14.465416,3.2513204
49704,-5.062739,-14.665477,3.65326
49705,-4.8814993,-14.50512,3.4690194
49706,-4.6775203,-14.295761,3.6039603
49707,-4.9901,-14.5383,3.3390796
49708,-4.7036805,-14.483761,3.5436397
49709,-5.06804,-14.860018,3.4321392
49710,-4.9953003,-14.73218,3.6621206
49711,-4.7969394,-14.752921,3.7172198
49712,-4.59032,-14.39692,3.4564197
49713,-4.7462606,-14.652019,3.7096798
49714,-4.62852,-14.520475,3.64614
49715,-4.8729,-14.523377,3.50006
49716,-4.48048,-14.578039,3.5812993
49717,-4.3345795,-14.29878,3.4647994
49718,-3.9916,-15.101976,4.0188003
49719,-4.1473002,-14.344598,3.6348796
49720,-4.5022006,-14.552796,4.0433807
49721,-4.4734197,-14.41988,4.02278
49722,-4.4728,-14.3858,3.8265996
49723,-4.4467587,-14.391142,3.7317195
49724,-4.3365192,-13.933559,3.930261
49725,-4.3094993,-14.160738,3.9396398
49726,-3.9701602,-14.212561,4.25638
49727,-4.479399,-14.30304,4.01056
49728,-4.4973197,-14.372219,4.0636997
49729,-4.4051805,-14.5754,4.1721005
49730,-4.1984797,-14.534138,4.41188
49731,-4.3424,-14.45936,4.1155796
49732,-4.54324,-14.250537,3.9264402
49733,-4.4526997,-14.421517,3.7506402
49734,-4.188259,-14.356944,3.9263203
49735,-4.52662,-14.163719,3.9149406
49736,-4.4721403,-14.686176,3.7924602
49737,-4.6202593,-14.250858,3.4464605
49738,-4.07584,-14.992338,4.1003003
49739,-4.13574,-14.794998,3.9074795
49740,-4.246201,-14.666701,3.8173997
49741,-4.0837398,-14.80504,4.2629395
49742,-4.561679,-14.50046,3.7531002
49743,-4.4386206,-14.308882,3.5996602
49744,-4.8573194,-14.399498,3.4231596
49745,-4.49382,-14.70656,3.3732007
49746,-4.2522798,-14.514019,3.3358407
49747,-4.6305795,-14.531278,3.4890993
49748,-4.75316,-14.64694,3.6677005
49749,-4.6425996,-14.20816,3.5625606
49750,-4.3335404,-14.425441,3.8428993
49751,-4.20414,-14.26256,3.9114597
49752,-4.54132,-14.256699,3.5793796
49753,-4.4477,-14.194401,4.23964
49754,-4.5013404,-14.5912,3.72288
49755,-4.32336,-14.300502,3.7718997
49756,-4.6819205,-14.369439,3.694479
49757,-4.627159,-14.510661,3.794339
49758,-4.64076,-14.216797,3.9110997
49759,-4.4463196,-14.52312,3.6026807
49760,-4.6316395,-14.6661005,3.8564398
49761,-4.6061597,-14.56718,3.878379
49762,-4.21218,-14.563601,3.6883202
49763,-4.476,-14.265498,3.7924402
49764,-4.10292,-14.053859,3.8635802
49765,-4.1052,-14.59306,3.6931787
49766,-4.5964007,-14.507675,3.5093007
49767,-4.453879,-14.692039,4.0278993
49768,-4.2838593,-15.148878,3.8829412
49769,-4.2184997,-14.41702,3.7551003
49770,-4.4157,-14.763603,3.8656807
49771,-4.2916403,-14.900439,3.8157604
49772,-4.537321,-14.942161,3.7821596
49773,-4.7206798,-14.668818,3.81372
49774,-4.5872397,-14.904119,3.9909203
49775,-4.56198,-14.653998,3.7011
49776,-4.4409595,-14.392179,3.7017193
49777,-4.6450005,-14.65316,3.9823804
49778,-4.7342997,-14.671999,4.0039597
49779,-4.7486796,-14.755058,3.8364403
49780,-4.6469994,-14.32112,3.7463002
49781,-4.54166,-14.35748,3.8255205
49782,-4.3831196,-14.163539,3.6402996
49783,-4.53332,-14.581718,3.72652
49784,-4.64676,-14.396879,3.77344
49785,-4.50264,-14.580595,3.8917396
49786,-4.3728004,-14.312739,3.8590803
49787,-4.4035,-14.306201,4.0399804
49788,-4.55208,-14.616042,3.9368804
49789,-4.3546596,-14.65784,4.152381
49790,-4.435419,-14.5739,4.0558405
49791,-4.36038,-15.093459,4.08984
49792,-4.4607005,-14.277302,3.95964
49793,-4.6756597,-14.667761,3.7982397
49794,-4.69206,-14.625977,3.9877603
49795,-4.4465394,-14.694262,3.81834
49796,-4.5797997,-14.395922,4.2029004
49797,-4.36838,-14.44124,4.18268
49798,-4.558419,-14.391057,3.9788191
49799,-4.1178007,-14.691179,4.0980406
49800,-4.3249598,-14.254898,3.8156793
49801,-4.24388,-14.596939,3.99458
49802,-4.0429597,-14.793758,3.9414792
49803,-4.1484404,-14.678801,3.68908
49804,-4.487739,-14.751497,3.81624
49805,-4.0804396,-14.6195,3.5637996
49806,-4.41742,-14.339301,3.8134391
49807,-4.47206,-14.313879,3.6069996
49808,-4.226459,-14.383198,3.7101402
49809,-4.50442,-14.736639,3.9701202
49810,-4.5381804,-14.43672,3.7822196
49811,-4.73546,-14.178761,3.69078
49812,-4.56728,-14.032297,3.3758395
49813,-4.795201,-14.692921,3.7135997
49814,-4.92158,-14.552801,3.6500795
49815,-4.688839,-14.775461,3.6071804
49816,-4.82494,-14.667559,3.68458
49817,-4.648919,-14.613122,3.56692
49818,-4.7269993,-14.336639,3.7286394
49819,-4.9049397,-14.7756,3.8588803
49820,-4.479499,-14.901559,4.17884
49821,-4.4969,-14.927682,4.41136
49822,-4.54782,-14.812698,4.09798
49823,-4.954839,-14.813099,3.8131597
49824,-4.711981,-14.887741,3.9608605
49825,-4.847641,-14.935122,3.8423398
49826,-4.7179403,-15.25406,3.9641805
49827,-4.5555,-15.080939,3.8656595
49828,-4.39872,-14.714439,4.02038
49829,-4.5086994,-14.929058,3.76726
49830,-4.19434,-14.827181,3.9951804
49831,-4.4761996,-15.246502,4.247639
49832,-4.2913795,-14.633,3.7707207
49833,-4.6582794,-14.83962,3.80968
49834,-4.2176995,-15.102798,3.9295397
49835,-4.3558598,-14.7637,3.8899996
49836,-4.470899,-15.062099,4.1302996
49837,-4.77828,-15.022943,3.7897594
49838,-4.78332,-15.038518,3.7449195
49839,-4.6021605,-15.00854,3.6337197
49840,-4.3242197,-14.864521,3.8227804
49841,-4.31426,-15.095718,3.7306392
49842,-4.69304,-14.67422,3.7681596
49843,-4.7346,-14.88308,3.7297597
49844,-4.52704,-15.294078,3.5139194
49845,-4.4563994,-15.015717,3.4650998
49846,-4.41616,-15.151579,3.66542
49847,-4.07946,-14.87206,3.7041404
49848,-4.60782,-15.133982,3.5272796
49849,-4.65614,-14.88468,3.6815999
49850,-4.6217794,-14.981661,3.57442
49851,-4.7816,-14.976521,3.6550002
49852,-4.8089805,-15.196901,3.6554997
49853,-4.49584,-15.04742,3.7161596
49854,-4.68774,-14.77214,3.7079406
49855,-4.50044,-14.9893,3.8976796
49856,-4.5900407,-14.61758,3.9047005
49857,-4.4521203,-15.290938,4.17954
49858,-4.197479,-14.808503,3.9143603
49859,-4.4346194,-14.645779,3.75082
49860,-4.3718405,-15.107262,3.9513202
49861,-4.502319,-14.86334,3.8044803
49862,-4.41288,-14.771022,4.1449003
49863,-4.1218405,-14.44492,3.955761
49864,-4.3383403,-14.408001,3.8683004
49865,-4.6119995,-14.598958,4.0260205
49866,-4.4853992,-15.059897,4.09356
49867,-4.5984397,-14.831441,3.7147002
49868,-4.23044,-14.84134,3.8538797
49869,-4.54804,-14.779002,3.7211604
49870,-4.3021197,-14.591122,3.8501198
49871,-4.4950995,-14.684821,3.7440398
49872,-4.0747995,-14.762019,3.89514
49873,-4.05296,-15.110422,3.9864192
49874,-4.34888,-15.159758,3.62804
49875,-4.30754,-15.052943,3.6615996
49876,-4.3760004,-15.191579,3.6930807
49877,-4.198099,-14.835241,3.7690997
49878,-4.36762,-15.023721,3.5800598
49879,-4.52698,-14.869978,3.4891796
49880,-4.37798,-14.961821,3.7155402
49881,-4.17966,-14.958862,3.5988202
49882,-4.53576,-14.879719,3.5903795
49883,-4.3932395,-14.8901,3.7497597
49884,-4.5732803,-15.25558,4.109441
49885,-4.45976,-15.30148,3.9849598
49886,-4.6465197,-15.165122,3.6836002
49887,-4.38876,-14.664378,3.99112
49888,-4.6919794,-14.786118,4.0333796
49889,-4.6763797,-15.0164585,3.9155798
49890,-4.31488,-14.958579,3.7296798
49891,-4.181201,-14.86864,4.06204
49892,-4.1928005,-14.908157,4.172519
49893,-4.312739,-15.176702,4.5472803
49894,-4.6417603,-15.030082,4.2723002
49895,-4.5703,-15.080742,4.2698197
49896,-4.59374,-14.7351,4.37174
49897,-4.5040193,-15.0445795,4.19494
49898,-4.5273204,-15.01792,3.98374
49899,-4.70792,-15.081601,3.8104603
49900,-4.681259,-15.189642,3.80224
49901,-4.9659796,-15.031279,3.9045196
49902,-4.474099,-14.960158,3.7653997
49903,-4.61202,-15.000878,3.9167209
49904,-4.38296,-15.202377,3.5828395
49905,-4.3045607,-15.113897,4.1452193
49906,-4.688299,-14.7475195,3.9626803
49907,-4.54248,-14.817339,4.036839
49908,-4.7132998,-15.3008175,4.2280793
49909,-4.903301,-15.026143,3.7298412
49910,-4.2320204,-15.23322,3.7628992
49911,-4.3799405,-15.203956,4.31196
49912,-4.4254594,-15.12644,3.9354804
49913,-4.2963605,-15.1372385,3.93528
49914,-4.8393393,-15.140342,4.1395597
49915,-4.4394803,-15.082159,3.91514
49916,-4.3098197,-14.93764,3.7626808
49917,-4.1429996,-15.05734,3.5185595
49918,-4.36702,-15.001881,3.7809198
49919,-4.4174,-15.160919,3.5760598
49920,-4.34258,-15.122001,3.8756998
49921,-4.7069597,-15.422499,3.986879
49922,-4.59904,-14.9323,3.9679394
49923,-4.4193597,-15.094459,3.9652593
49924,-4.478121,-15.250559,3.9594998
49925,-4.315941,-14.897838,3.7665799
49926,-4.7618003,-15.091742,3.7857196
49927,-4.28866,-15.17394,3.9431806
49928,-4.57854,-15.086639,3.9057999
49929,-4.4627404,-15.231898,4.1159396
49930,-4.60476,-15.22866,3.9054604
49931,-4.50658,-15.205639,3.78106
49932,-4.4738398,-14.630321,3.829881
49933,-4.78956,-15.384779,3.5935602
49934,-4.9799604,-14.909477,3.8609
49935,-4.84616,-15.340897,4.1626606
49936,-4.313319,-15.07218,4.1463804
49937,-4.4793,-15.159539,4.37042
49938,-4.4377604,-15.099018,4.26102
49939,-4.3447,-15.149699,4.47218
49940,-4.44244,-14.93564,3.8528402
49941,-4.64802,-15.222582,4.2163
49942,-4.4849596,-15.123282,3.9369795
49943,-4.60094,-15.162959,3.8016603
49944,-4.40016,-15.320801,4.0519996
49945,-4.53522,-15.12426,3.6706
49946,-4.17976,-15.44426,4.03434
49947,-4.40442,-15.443161,4.3011403
49948,-4.0472,-15.328239,4.12732
49949,-4.53318,-15.243819,4.05974
49950,-4.2816195,-15.156679,3.7690203
49951,-4.33472,-14.968639,3.80554
49952,-4.372279,-15.22258,4.0192404
49953,-4.476959,-14.774539,3.9962194
49954,-4.7659597,-15.077083,4.0216
49955,-4.7502604,-14.867159,3.5575812
49956,-4.5764594,-15.029284,3.7415795
49957,-4.3958797,-15.116078,4.1365404
49958,-4.4275002,-14.81036,3.8256
49959,-4.247679,-15.2404375,4.09176
49960,-4.5210195,-14.66764,4.21486
49961,-4.846259,-15.21886,3.9335995
49962,-4.4637203,-15.143121,3.9691603
49963,-4.4377203,-15.11936,3.8303397
49964,-4.5568004,-15.612341,3.8941808
49965,-4.205419,-15.443464,4.0401196
49966,-4.3841796,-14.596939,3.7291405
49967,-4.2126207,-14.83528,4.1483808
49968,-4.1507597,-15.042661,3.6817796
49969,-4.543,-14.670281,3.7289596
49970,-4.269399,-15.04136,4.017239
49971,-4.19606,-15.07218,4.2144
49972,-4.094319,-14.642319,3.9840999
49973,-4.388699,-15.23558,4.0960007
49974,-4.58102,-14.92148,4.24156
49975,-4.1505594,-14.934562,4.0860596
49976,-4.246559,-15.00404,4.090359
49977,-4.2266192,-14.864398,3.9401004
49978,-4.4512796,-14.987702,4.122219
49979,-4.3821597,-14.942739,3.961159
49980,-4.4714594,-14.640859,3.8978806
49981,-4.301739,-14.961082,4.018799
49982,-4.6842003,-14.87082,3.9249809
49983,-4.53518,-15.540258,4.07712
49984,-4.5510597,-15.294221,3.7878408
49985,-4.56888,-15.068879,3.73288
49986,-4.960339,-14.897198,3.8037405
49987,-4.431779,-14.861299,3.8667593
49988,-4.3687205,-15.154901,4.2575397
49989,-4.7056193,-14.908,4.1060395
49990,-4.26948,-15.053882,4.0487995
49991,-4.54594,-14.613836,4.0303802
49992,-4.3465796,-14.6097975,3.9438596
49993,-4.5790405,-14.842039,4.1205997
49994,-4.62952,-14.85066,3.9284198
49995,-4.6740003,-14.628679,4.0959206
49996,-4.6526,-14.871521,3.5722597
49997,-5.0319395,-14.82744,3.8735995
49998,-4.3741,-14.991778,4.0805
49999,-4.4528003,-14.9575205,3.9534798
